2 167970201111941  BLYTH               08NE 03c  06  1008  055  053 49                                 
2 167970201111941  BLYTH               12NE 04bc 07  1014  054  052 49 - 1                             
2 167970201111941  BLYTH               16NE 03bc 08  1016  052  050 48                                 
2 167970302111941  BLYTH               08NE 04cf 03  1008  052  050 47                                 
2 167970302111941  BLYTH               12NE 05c  06  1004  053  051 48 - 1                             
2 167970302111941  BLYTH               16NE 06bc 07  1009  053  050 47                                 
2 167970403111941  BLYTH               08ENE06c  06  1015  056  052 48                                 
2 167970403111941  BLYTH               12NE 05bc 05  1012  055  053 49 - 1                             
2 167970403111941  BLYTH               16N  04bc 04  1010  054  052 48                                 
2 167970504111941                      08NW 05b  08341018  053  051 48                  17.2  6.1 12.3 
2 167970504111941                      12NNW06bc 07331015  055  053 49 - 1                             
2 167970504111941                      16NNW05bc 06331014  054  052 50                                 
2 167970605111941                      08S  03c  06221013  056  052 49                  20.9  4.4 13.1 
2 167970605111941                      12SW 03bc 08241012  055  053 49 - 1                             
2 167970605111941                      16SW 04bc 07341010  054  052 49                                 
2 167970706111941                      08N  01fc 05   998  053  051 48                  16.4  6.0 12.8 
2 167970706111941                      12N  02bc 0522 998  055  053 49 - 1                             
2 167970706111941                      16N  03bc 07241000  054  052 49                                 
2 167970807111941                      08N  04c  06  1000  052  050 48                  18.8  4.6  8.7 
2 167970807111941                      12N  03bc 08341001  053  052 49 - 1                             
2 167970807111941                      16N  02bc 08341003  054  052 44                                 
2 167970908111941  BLYTH               08NW 04c  07   994  053  051 48                                 
2 167970908111941  BLYTH               12W  03bc 08   997  054  052 49 - 1                             
2 167970908111941  BLYTH               16W  04c  08   999  055  053 48                                 
2 167971009111941  BLYTH               08SSW04fc 03   993  050  049 47                                 
2 167971009111941  BLYTH               12SW 05c  06   991  052  051 48 - 1                             
2 167971009111941  BLYTH               16SW 07c  05   990  052  050 47                                 
2 167971110111941  BLYTH               08SW 05f  02   990  053  050 49                                 
2 167971110111941  BLYTH               12S  06m  04   992  055  053 49 - 1                             
2 167971110111941  BLYTH               16SSE06f  03   993  056  053 48                                 
2 167971211111941  BLYTH               08SE 04m  02   990  053  050 48                                 
2 167971211111941  BLYTH               12SE 06f  03   989  055  053 49 - 1                             
2 167971211111941  BLYTH               16ESE07fg 03   991  053  050 48                                 
2 167971312111941  BLYTH               08ESE03m  04   995  053  051 48                                 
2 167971312111941  BLYTH               12E  04f  04   999  055  054 49 - 1                             
2 167971312111941  BLYTH               16E  05f  02  1000  052  050 49                                 
2 167971413111941  BLYTH               08E  03f  03  1004  053  050 48                                 
2 167971413111941  BLYTH               12E  03fe 05  1010  056  054 48 - 1                             
2 167971413111941  BLYTH               16E  04f  04  1012  054  052 47                                 
2 167971514111941  BLYTH               08SE 02f  02  1014  053  051 47                                 
2 167971514111941  BLYTH               12SE 04fe 03  1019  056  054 47 - 1                             
2 167971514111941  BLYTH               16ESE04f  04  1018  054  052 47                                 
2 167971615111941                      08ESE04bc 06341007  056  050 47                  22.0  2.1  7.5 
2 167971615111941                      12ESE04bc 07341008  056  051 47 - 1 0553N00113W                 
2 167971615111941                      16ESE04bc 08341009  056  050 47                                 
2 167971716111941  BLYTH               08SW 02gfe    1012  056  052 47                                 
2 167971716111941  BLYTH               12SW 03f      1011  057  053 48 - 1                             
2 167971716111941  BLYTH               16SW 02fe     1010  056  052 47                                 
2 167971716111941  BLYTH               20SW 02f      1009  053  052 47                                 
2 167971716111941  BLYTH               24SW 02fe     1009  051  050 47                                 
2 167971817111941  BLYTH               08SW 02feq02   983  056  054 47                                 
2 167971817111941  BLYTH               12SW 02c       983  056  054 47 - 1                             
2 167971817111941  BLYTH               16NW 02c       983                                              
2 167971817111941  BLYTH               20NW 02f       987                                              
2 167971817111941  BLYTH               24NW 04c       984                                              
2 167971918111941                      04NW 02c       992                                              
2 167971918111941                      08NW 04c  22   996  056  054 47                  18.3  2.8 10.8 
2 167971918111941                      12NW 03c  0732 998     ~ 053 47 - 1 5503N00112W                 
2 167971918111941                      16W  03bc 0732 999  055  053 47                                 
2 167971918111941                      20NW 02b      1000  054  052 47                                 
2 167971918111941                      24NW 02c      1003  054  052 47                                 
2 167972019111941                      04NW 02b      1003  053  051 46                                 
2 167972019111941                      08NW 01bc     1003  054  052 47                  21.3  3.9 13.5 
2 167972019111941                      12C  00fb 08221005  056  054 47 - 1 5503N00112W                 
2 167972019111941                      16NW 01fc 04221004  055  053 47                                 
2 167972019111941                      20NW 02fc 04  1003  054  052 47                                 
2 167972019111941                      24NW 02fc     1000  052  050 47                                 
2 167972120111941  BLYTH               04NW 01fc     1002  054  052 47                                 
2 167972120111941  BLYTH               08W  00fc 03  1003  055  053 46                                 
2 167972120111941  BLYTH               11W                                                             
2 167972120111941  BLYTH               12   00fc 02  10051 056  054 47 - 1                             
2 167972120111941  BLYTH               16SW 01f  02   997  055  053 47                                 
2 167972120111941  BLYTH               20SW 00f       999  054  052 47                                 
2 167972120111941  BLYTH               24SW 00f       999  054  052 47                                 
2 167972221111941                      04SW 00f       997  054  052 47                                 
2 167972221111941                      08SW 04m       995  055  053 47                  18.2  2.7 12.7 
2 167972221111941                      12SW 04fc 0434 995  056  054 47 - 1 5503N00112W                 
2 167972221111941                      16SW 05fc 0444 995  055  053 47                                 
2 167972221111941                      20SW 04fc 04   995  054  053 47                                 
2 167972221111941                      24SW 04fc 04   994  053  052 47                                 
2 167972322111941                      04SW 04F       996  053  052 47                                 
2 167972322111941                      08SW 05F       996  054  053 47                  15.3  3.8  7.3 
2 167972322111941                      12SW 05F    34 997  055  053 47 - 1 5503N00112W                 
2 167972322111941                      16SW 04Fe   34 998  055  053 47                                 
2 167972322111941                      20S  03Fe      998  054  053 47                                 
2 167972322111941                      24S  03Fe      998  053  052 47                                 
2 167972423111941  BLYTH               04S  03fe      998  054  053 46                                 
2 167972423111941  BLYTH               08S  02f       998  053  052 47                                 
2 167972423111941  BLYTH               12S  02f       999  053  052 47 - 1                             
2 167972423111941  BLYTH               16S  02f       999  053  052 47                                 
2 167972423111941  BLYTH               20SW 02c       999  052  051 47                                 
2 167972423111941  BLYTH               24SW 02c      1000  052  050 46                                 
2 167972524111941  BLYTH               04SW 03c      1000  052  051 46                                 
2 167972524111941  BLYTH               08SW 02c       999  053  051 47                                 
2 167972524111941  BLYTH               12SW 03c       999  054  052 47 - 1                             
2 167972524111941  BLYTH               16SW 03c       999  053  052 47                                 
2 167972524111941  BLYTH               20SW 03b      1000  052  051 46                                 
2 167972524111941  BLYTH               24SW 03c       998  052  051 46                                 
2 167972625111941                      04SW 03c       997  052  051 47                                 
2 167972625111941                      08SW 02b      1002  053  052 48                  22.9  2.8  8.2 
2 167972625111941                      12S  02f  03111004  054  053 48 - 1 5503N00112W                 
2 167972625111941                      16E  02b    111007  054  053 48                                 
2 167972625111941                      20NE 02b      1010  053  052 47                                 
2 167972625111941                      24NE 01c      1010  052  051 47                                 
2 167972726111941                      04NE 03c      1012  052  051 47                                 
2 167972726111941                      08SE 04f  03  1009  053  051 47                  17.6  4.3 11.1 
2 167972726111941                      12SW 04f  03331005  054  053 47 - 1 5503N00112W                 
2 167972726111941                      16SW 04f  04331003  053  052 47                                 
2 167972726111941                      20SW 04c      1002  052  051 47                                 
2 167972726111941                      24SW 04c      1002  051  050 46                                 
2 167972827111941                      04SW 04c      1002  051  049 46                                 
2 167972827111941                      08SW 04c      1000  052  051 47                  15.7  3.2 11.5 
2 167972827111941                      12SW 04F    33 997  052  051 48 - 1 5503N00112W                 
2 167972827111941                      16SW 05c    33 990  051  050 47                                 
2 167972827111941                      20SW 06o       998  050  049 46                                 
2 167972827111941                      24SW 04o       999  048  047 46                                 
2 167972928111941                      04SW 02c      1003  051  050 47                                 
2 167972928111941                      08SW 02c      1007  053  052 47                  15.0  2.8  7.3 
2 167972928111941                      12SW 01c      1009  055  054 48 - 1 5503N00112W                 
2 167972928111941                      16SW 01c      1010  052  051 48                                 
2 167972928111941                      20SW 01c      1012  052  051 47                                 
2 167972928111941                      24SW 02c      1013  051  050 47                                 
2 167973029111941  BLYTH               04SE 02c      1014  051  050 47                                 
2 167973029111941  BLYTH               08E  03d      1015  052  051 47                                 
2 167973029111941  BLYTH               12E  03d      1017  053  051 47 - 1                             
2 167973029111941  BLYTH               16E  02c      1018  053  051 47                                 
2 167973029111941  BLYTH               20E  02c      1019  052  051 47                                 
2 167973029111941  BLYTH               24SE 02c      1019  051  050 47                                 
2 167973130111941  BLYTH               04S  02b      1019  051  050 47                                 
2 167973130111941  BLYTH               08S  02b      1019  052  050 47                                 
2 167973130111941  BLYTH               12S  02c      1019  052  051 47 - 1                             
2 167973130111941  BLYTH               16SE 01c      1018  052  051 47                                 
2 167973130111941  BLYTH               20E  02c      1016  061  050 47                                 
2 167973130111941  BLYTH               24SE 02c      1015  051  049 46                                 
2 167980201121941  BLYTH               04S  02c      1015  051  050 46                                 
2 167980201121941  BLYTH               08S  02c      1016  051  050 46                                 
2 167980201121941  BLYTH               12S  02c      1019  052  051 47 - 1                             
2 167980201121941  BLYTH               16SW 00m      1020  051  050 47                                 
2 167980201121941  BLYTH               20SW 00m      1020  051  050 47                                 
2 167980201121941  BLYTH               24SW 00m      1021  050  049 47                                 
2 167980302121941                      04SW 00bx     1024  049  048 46                                 
2 167980302121941                      08SW 02bm     1026  050  048 46                  17.2  6.0  4.5 
2 167980302121941                      12SW 02bm 04121028  052  050 46 - 1 5503N00112W                 
2 167980302121941                      16SW 02bm 04121027  052  051 47                                 
2 167980302121941                      20SW 00c      1026  051  050 47                                 
2 167980302121941                      24SW 00c      1027  050  049 47                                 
2 167980403121941                      04SW 00c      1027  052  050 47                                 
2 167980403121941                      08SW 00c      1026  052  051 47                  15.6  3.3  3.4 
2 167980403121941                      12SW 00bm 04001023  053  052 47 - 1 5503N00112W                 
2 167980403121941                      16SW 00b    001021  053  052 47                                 
2 167980403121941                      20SW 00b      1021  053  051 47                                 
2 167980403121941                      24SW 00b      1022  052  051 47                                 
2 167980504121941                      04SW 01b      1022  052  051 46                                 
2 167980504121941                      08SW 01bm     1020  051  050 46                  15.2  5.3  9.5 
2 167980504121941                      12SW 01bm     1017  054  052 47 - 1 5503N00112W                 
2 167980504121941                      16SW 00bm     1016  054  053 47                                 
2 167980504121941                      20SW 01b      1014  053  052 47                                 
2 167980504121941                      24SW 01b      1013  052  051 46                                 
2 167980605121941                      04W  02c      1013  054  054 47                                 
2 167980605121941                      08W  03c      1014  054  052 46                  16.9  6.1 11.4 
2 167980605121941                      12W  04c      1015  055  053 46 - 1 5504N00113WF                
2 167980605121941                      16W  03c      1014  055  052 47                                 
2 167980605121941                      20W  04c      1012  053  051 47                                 
2 167980605121941                      24SW 06c      1012  051  049 46                                 
2 167980706121941  BLYTH               04SW 04c      1008  060  057 47                                 
2 167980706121941  BLYTH               08SW 05bc     1006  060  057 47                                 
2 167980706121941  BLYTH               12SW 05bc     1005  061  057 47 - 1                             
2 167980706121941  BLYTH               16SW 04c      1003  060  056 47                                 
2 167980706121941  BLYTH               20SW 04c      1001  058  055 47                                 
2 167980706121941  BLYTH               24W  04bc      998  057  054 47                                 
2 167980807121941  BLYTH               04SW 04b       996  057  054 46                                 
2 167980807121941  BLYTH               08W  05b       994  058  056 46                                 
2 167980807121941  BLYTH               12W  06bc      993  059  057 46 - 1                             
2 167980807121941  BLYTH               16SW 05c       987  059  057 47                                 
2 167980807121941  BLYTH               20SW 04b       983  058  056 46                                 
2 167980807121941  BLYTH               24W  06b       984  057  054 46                                 
2 167980908121941  BLYTH               04W  05c       985  056  052 46                                 
2 167980908121941  BLYTH               08W  04c       987  057  053 47                                 
2 167980908121941  BLYTH               12W  05c       990  060  055 47 - 1                             
2 167980908121941  BLYTH               16W  05c       991  062  058 47                                 
2 167980908121941  BLYTH               20W  06c       990  060  055 46                                 
2 167980908121941  BLYTH               24W  06c       987  058  052 46                                 
2 167981009121941                      04W  04c       987  056  050 46                                 
2 167981009121941                      08W  04bc      982  060  054 47         N     WF 16.0  3.4 11.9 
2 167981009121941                      12W  04c       982  062  055 47 - 1 5503 01120                  
2 167981009121941                      16W  04c       985  066  058 47                                 
2 167981009121941                      20W  04c       988  060  058 47                                 
2 167981009121941                      24W  04c       992  065  055 47                                 
2 167981110121941                      04W  04c       993  062  058 47                                 
2 167981110121941                      08NW 04c       993  062  058 47         N     W  13.7  7.0  4.5 
2 167981110121941                      12NW 04bc      993  063  059 48 - 1 5503 01127                  
2 167981110121941                      16NW 04b       992  063  059 47                                 
2 167981110121941                      20SW 04c       990  061  057 47                                 
2 167981110121941                      24SW 04c       987  061  057 47                                 
2 167981211121941                      04SW 04b       986  061  058 47                                 
2 167981211121941                      08NW 04b       989  060  056 47                  16.0  3.2  9.9 
2 167981211121941                      12SW 04b       992  061  057 47 - 1 5503N00112WF                
2 167981211121941                      16SW 04bc      992  061  057 47                                 
2 167981211121941                      20W  02c       993                                              
2 167981211121941                      24NW 02c       990                                              
2 167981312121941                      04W  02b       987  057  051 46                                 
2 167981312121941                      08W  02b       9865 057  051 46                  15.9  6.4  6.1 
2 167981312121941                      12SSW04bc      986  054  049 46 - 1 5503N00112W                 
2 167981312121941                      16SSW05bc      985  060  057 47                                 
2 167981312121941                      20W  06B       986  058  057 47                                 
2 167981312121941                      24W  07b       990  058  057                                    
2 167981413121941  BLYTH               04W  07b       996  056  055 47                                 
2 167981413121941  BLYTH               08W  04bc      998  054  053 47                                 
2 167981413121941  BLYTH               12W  04bc      998  057  055 47 - 1                             
2 167981413121941  BLYTH               16W  04c       998  059  054 47                                 
2 167981413121941  BLYTH               20SW 06c       994  059  055 46                                 
2 167981413121941  BLYTH               24SW 06bc      990  055  053 46                                 
2 167981514121941  BLYTH               04SW 06b       990  059  055 47                                 
2 167981514121941  BLYTH               08SW 06bc      992  059  054 47                                 
2 167981514121941  BLYTH               12SW 04bc      992  057  055 47 - 1                             
2 167981514121941  BLYTH               16SW 05bc      991  056  052 46                                 
2 167981514121941  BLYTH               20SW 04d       990  055  052 46                                 
2 167981514121941  BLYTH               24SW 04c       991  055  052 47                                 
2 167981615121941  BLYTH               04SW 04bc      993  055  052 47                                 
2 167981615121941  BLYTH               08SW 03c       993  057  055 47                                 
2 167981615121941  BLYTH               12SW 03c       994  057  055 47 - 1                             
2 167981615121941  BLYTH               16  ~04bc      995  056     ~47                                 
2 167981615121941  BLYTH               20SW 06  ~        ~ 056     ~47                                 
2 167981615121941  BLYTH               24SW 06bc      995  054  051 47                                 
2 167981716121941                      04SW 04bc      997  054  051 47                                 
2 167981716121941                      08SW 04bc      997  053  050 47         N     WF 17.7  3.5 10.5 
2 167981716121941                      12W  04bc      998  062  054 47 - 1 5503 00112                  
2 167981716121941                      16W  04bc      997  057  053 46                                 
2 167981716121941                      20NW 02c      1000  054  050 46                                 
2 167981716121941                      24NW 04c      1000  054  052 47                                 
2 167981817121941                      04W  02c      1002  054  052 47                                 
2 167981817121941                      08W  04c      1005  055  052 46         N     WF 19.0  4.2  9.9 
2 167981817121941                      12NNW05bc     1009  059  057 46 - 1 5504 00112                  
2 167981817121941                      16NW 05c      1010  059  057 46                                 
2 167981817121941                      20NW 05c      1014  057  056 46                                 
2 167981817121941                      24NW 04c      1015  055  053 46                                 
2 167981918121941  BLYTH               04NW 04c      1016  055  053 45                                 
2 167981918121941  BLYTH               08NW 04c      1016  055  053 45                                 
2 167981918121941  BLYTH               12W  02c      1016  056  056 45 - 1                             
2 167981918121941  BLYTH               16NW 03c      1016  056  055 44                                 
2 167981918121941  BLYTH               20NW 04c      1016  056  056 44                                 
2 167981918121941  BLYTH               24NW 01bc     1012  055  055 44                                 
2 167982019121941                      04WNW02bc     1016  055  055 45                                 
2 167982019121941                      08WNW02c      1016  057  055 45                  15.9  4.0  7.5 
2 167982019121941                      12W  03c      1016  057  055 44 - 1 5503N01128WF                
2 167982019121941                      16WNW02c      1017  060  058 44                                 
2 167982019121941                      20WNW01m      1022  056  055 44                                 
2 167982019121941                      24WNW01b      1024  055  055 45                                 
2 167982120121941  BLYTH               04WNW01m      10235 058  058 44                                 
2 167982120121941  BLYTH               08WNW01m      1023  054  054 44                                 
2 167982120121941  BLYTH               12W  01m      1023  055  055 44 - 1                             
2 167982120121941  BLYTH               16SW 01bcm    1022  055  055 45                                 
2 167982120121941  BLYTH               20SW 02bc     1021  055  055 44                                 
2 167982120121941  BLYTH               24SW 02m      1020  056  055 44                                 
2 167982221121941  BLYTH               04SW 02bc     1018  055  055 45                                 
2 167982221121941  BLYTH               08SW 04bc     1016  056  055 45                                 
2 167982221121941  BLYTH               12SW 02bc     1016  056  055 45 - 1                             
2 167982221121941  BLYTH               16SW 02bc     1016  056  055 44                                 
2 167982221121941  BLYTH               20SW 02bc     1016  056  055 44                                 
2 167982221121941  BLYTH               24SW 02bc     1016  056  055 44                                 
2 167982322121941  BLYTH               04SW 01bc     1015     ~    ~44                                 
2 167982322121941  BLYTH               08SW 01b      1016  056  050 44                                 
2 167982322121941  BLYTH               12W  01b      1016  056  052 44 - 1                             
2 167982322121941  BLYTH               16WNW02b      1015  055  054 44                                 
2 167982322121941  BLYTH               20W  02b      1015  054  053 44                                 
2 167982322121941  BLYTH               24W  02b      1017  054  053 44                                 
2 167982423121941  BLYTH               04W  02bc     1017  052  052 44                                 
2 167982423121941  BLYTH               08W  02bc     1016  052  050 43                                 
2 167982423121941  BLYTH               12W  06bc     1015  052  050 44 - 1                             
2 167982423121941  BLYTH               16NW 05bc     1014  052  050 44                                 
2 167982423121941  BLYTH               20NW 02bc     1013  052  050 43                                 
2 167982423121941  BLYTH               24NW 03bc     1012  056  056 43                                 
2 167982524121941  BLYTH               04NW 06bc     1011  055  055 43                                 
2 167982524121941  BLYTH               08NW 08bc     1008  055  055 44                                 
2 167982524121941  BLYTH               12NW 08bc     1009  058  058 44 - 1                             
2 167982524121941  BLYTH               16NW 08bc     1009  057  057 43                                 
2 167982524121941  BLYTH               20NW 06bc     1010  057  056 44                                 
2 167982524121941  BLYTH               24NW 06bc     1010  056  055 44                                 
2 167982625121941  BLYTH               04NW 06bc     1011  051  050 43                                 
2 167982625121941  BLYTH               08NW 03bc     1013  055  055 44                                 
2 167982625121941  BLYTH               12NW 04c      1016  059  057 44 - 1                             
2 167982625121941  BLYTH               16NW 02c      1019  051  051 43                                 
2 167982625121941  BLYTH               20NW 02c      1019  050  050 43                                 
2 167982625121941  BLYTH               24NW 02c      1020  051  051 43                                 
2 167982726121941  BLYTH               04NW 02bc     1020  050  050 43                                 
2 167982726121941  BLYTH               08NW 02bc     1019  049  049 43                                 
2 167982726121941  BLYTH               12NW 02bc     1016  050  050 44 - 1                             
2 167982726121941  BLYTH               16NW 02bc     1012  051  050 49                                 
2 167982726121941  BLYTH               20NW 02bc     1006  051  050 43                                 
2 167982726121941  BLYTH               24NW 02d      1006  050  049 43                                 
2 167982827121941  BLYTH               04NW 02d      1005  049  049 43                                 
2 167982827121941  BLYTH               08N  02o      1009  048  045 43                                 
2 167982827121941  BLYTH               12N  02bc     1012  051  048 44 - 1                             
2 167982827121941  BLYTH               16N  02o      1014  050  050 43                                 
2 167982827121941  BLYTH               20N  02bc     1015  045  045 43                                 
2 167982827121941  BLYTH               24N  02bc     1015  045  045 42                                 
2 167982928121941  BLYTH               04N  02bc     1015  045  044 43                                 
2 167982928121941  BLYTH               08N  01bc     1016  043  042 42                                 
2 167982928121941  BLYTH               12S  02bc     1017  045  045 43 - 1                             
2 167982928121941  BLYTH               16SW 02bc     1017  045  047 43                                 
2 167982928121941  BLYTH               20W  02bc     1017  047  047 43                                 
2 167982928121941  BLYTH               24W  02bc     1017  046  046 43                                 
2 167983029121941  BLYTH               04W  04c      1015  047  047 43                                 
2 167983029121941  BLYTH               08W  02c      1017  043  043 43                                 
2 167983029121941  BLYTH               12W  02c      1017  045  045 43 - 1                             
2 167983029121941  BLYTH               16W  02bc     1018  050  050 44                                 
2 167983029121941  BLYTH               20W  02bc     1015  050  050 43                                 
2 167983029121941  BLYTH               24W  02d      1020  050  050 43                                 
2 167983130121941                      04W  02c      1021  050  050 43                                 
2 167983130121941                      08W  02c      1021  050  050 44         N     WF 16.6  5.6 10.7 
2 167983130121941                      12W  04bc     1021  051  050 43 - 1 5803 00112                  
2 167983130121941                      16W  03bc     1021  051  050 43                                 
2 167983130121941                      20WSW02bc     1021  053  052 43                                 
2 167983130121941                      24W  02c      1021  053  052 43                                 
2 167983231121941                      04W  02b      1021  054  053 43                                 
2 167983231121941                      08W  02b      1021  054  053 43         N     WF 16.2 11.0  6.8 
2 167983231121941                      12WSW03b      1021  054  053 43 - 1 5503 01127                  
2 167983231121941                      16W  02b      1020  053  057 44                                 
2 167983231121941                      20W  03b      1020  056  054 43                                 
2 167983231121941                      24W  03b      1019  056  054 43                                 
