1938080109 1024.0
1938080112 1023.8
1938080115 1023.7
1938080118 1023.7
1938080203 1022.9
1938080209 1023.2
1938080212 1022.6
1938080215 1021.7
1938080218 1021.5
1938080303 1021.6
1938080309 1021.6
1938080312 1019.8
1938080315 1019.3
1938080318 1019.1
1938080403 1018.0
1938080409 1017.6
1938080412 1016.0
1938080415 1016.2
1938080418 1015.6
1938080503 1016.2
1938080509 1015.9
1938080512 1015.9
1938080515 1015.4
1938080518 1015.2
1938080603 1014.9
1938080609 1016.0
1938080612 1015.8
1938080615 1015.6
1938080618 1014.8
1938080703 1014.2
1938080709 1014.6
1938080712 1014.0
1938080715 1014.5
1938080718 1014.3
1938080803 1013.2
1938080809 1013.2
1938080812 1013.4
1938080815 1013.3
1938080818 1013.1
1938080903 1013.8
1938080909 1014.5
1938080912 1014.3
1938080915 1014.2
1938080918 1014.4
1938081003 1015.3
1938081009 1015.3
1938081012 1015.1
1938081015 1014.5
1938081018 1014.5
1938081103 1014.8
1938081109 1015.2
1938081112 1014.8
1938081115 1014.2
1938081118 1014.2
1938081203 1014.3
1938081209 1014.7
1938081212 1014.1
1938081215 1013.9
1938081218 1013.7
1938081303 1014.1
1938081309 1014.5
1938081312 1014.3
1938081315 1013.7
1938081318 1013.5
1938081403 1013.7
1938081409 1014.9
1938081412 1014.7
1938081415 1014.3
1938081418 1014.5
1938081503 1015.0
1938081509 1015.9
1938081512 1015.7
1938081515 1015.2
1938081518 1014.8
1938081603 1012.2
1938081609 1010.6
1938081612 1009.6
1938081615 1008.5
1938081618 1008.5
1938081703 1008.9
1938081709 1012.0
1938081712 1013.8
1938081715 1014.5
1938081718 1015.3
1938081803 1016.7
1938081809 1015.9
1938081812 1015.3
1938081815 1014.6
1938081818 1013.2
1938081903 1007.1
1938081909 1003.9
1938081912 1002.7
1938081915 1002.4
1938081918 1002.8
1938082003 1005.1
1938082009 1007.3
1938082012 1008.3
1938082015 1008.9
1938082018 1008.9
1938082103 1012.5
1938082109 1015.4
1938082112 1016.0
1938082115 1016.5
1938082118 1017.3
1938082203 1019.5
1938082209 1019.9
1938082212 1019.7
1938082215 1019.3
1938082218 1016.3
1938082303 1018.1
1938082309 1020.9
1938082312 1021.7
1938082315 1021.6
1938082318 1021.0
1938082403 1019.4
1938082409 1020.2
1938082412 1020.0
1938082415 1019.9
1938082418 1019.7
1938082503 1019.7
1938082509 1020.3
1938082512 1020.1
1938082515 1020.2
1938082518 1020.0
1938082603 1020.4
1938082609 1021.3
1938082612 1020.7
1938082615 1020.3
1938082618 1020.5
1938082703 1020.7
1938082709 1020.8
1938082712 1019.8
1938082715 1018.4
1938082718 1018.2
1938082803 1016.1
1938082809 1014.7
1938082812 1013.7
1938082815 1012.8
1938082818 1012.2
1938082903 1010.2
1938082909 1011.9
1938082912 1012.3
1938082915 1012.2
1938082918 1012.4
1938083003 1014.9
1938083009 1016.1
1938083012 1016.1
1938083015 1016.0
1938083018 1015.8
1938083103 1016.1
1938083109 1016.6
1938083112 1016.4
1938083115 1016.6
1938083118 1016.4
1938090103 1017.6
1938090109 1018.0
1938090112 1018.2
1938090115 1018.4
1938090118 1018.2
1938090203 1018.9
1938090209 1020.5
1938090212 1020.3
1938090215 1020.1
1938090218 1020.5
1938090303 1022.7
1938090309 1023.3
1938090312 1022.9
1938090315 1022.3
1938090318 1022.1
1938090403 1022.1
1938090409 1023.6
1938090412 1023.6
1938090415 1023.2
1938090418 1023.6
1938090503 1024.4
1938090509 1025.2
1938090512 1023.8
1938090515 1023.1
1938090518 1022.7
1938090603 1019.9
1938090609 1017.7
1938090612 1015.5
1938090615 1014.0
1938090618 1013.0
1938090703 1011.1
1938090709 1010.6
1938090712 1010.2
1938090715 1010.3
1938090718 1010.5
1938090803 1014.1
1938090809 1017.7
1938090812 1018.5
1938090815 1019.5
1938090818 1020.3
1938090903 1022.1
1938090909 1022.4
1938090912 1022.2
1938090915 1021.9
1938090918 1021.9
1938091003 1022.9
1938091009 1023.6
1938091012 1023.2
1938091015 1022.9
1938091018 1022.9
1938091103 1024.5
1938091109 1025.8
1938091112 1024.8
1938091115 1023.9
1938091118 1023.3
1938091203 1022.8
1938091209 1023.8
1938091212 1023.6
1938091215 1023.2
1938091218 1023.2
1938091303 1023.7
1938091309 1023.8
1938091312 1022.8
1938091315 1020.8
1938091318 1020.2
1938091403 1018.3
1938091409 1017.2
1938091412 1016.2
1938091415 1015.4
1938091418 1014.8
1938091503 1018.4
1938091509 1022.1
1938091512 1022.1
1938091515 1022.0
1938091518 1022.6
1938091603 1024.5
1938091609 1024.4
1938091612 1022.6
1938091615 1022.0
1938091618 1020.6
1938091703 1016.9
1938091709 1016.2
1938091712 1015.4
1938091715 1014.5
1938091718 1013.9
1938091803 1012.5
1938091809 1012.9
1938091812 1012.5
1938091815 1012.1
1938091818 1011.7
1938091903 1009.8
1938091909 1010.3
1938091912 1010.1
1938091915 1010.1
1938091918 1010.3
1938092003 1005.2
1938092009 1003.9
1938092012 1004.5
1938092015 1005.4
1938092018 1006.0
1938092103 1005.3
1938092109 1006.2
1938092112 1007.0
1938092115 1007.3
1938092118 1008.5
1938092203 1012.9
1938092209 1015.1
1938092212 1014.9
1938092215 1014.6
1938092218 1014.0
1938092303 1013.1
1938092309 1013.0
1938092312 1013.2
1938092315 1013.1
1938092318 1012.9
1938092403 1011.8
1938092409 1012.0
1938092412 1012.2
1938092415 1012.0
1938092418 1012.2
1938092503 1010.2
1938092509 1012.3
1938092512 1013.1
1938092515 1013.6
1938092518 1014.0
1938092603 1013.9
1938092609 1014.2
1938092612 1013.8
1938092615 1013.6
1938092618 1013.8
1938092703 1014.5
1938092709 1015.9
1938092712 1015.5
1938092715 1015.0
1938092718 1014.8
1938092803 1014.6
1938092809 1014.4
1938092812 1013.6
1938092815 1012.8
1938092818 1012.2
1938092903 1009.6
1938092909 1012.1
1938092912 1013.1
1938092915 1013.4
1938092918 1014.0
1938093003 1013.6
1938093009 1014.1
1938093012 1013.5
1938093015 1013.3
1938093018 1013.9
1938100103 1015.0
