Calshot(Sthmtn.)         1938  8  1 1024.0 1023.8 1023.7 1023.7 9999.9 9999.9 1022.9 1023.5
Calshot(Sthmtn.)         1938  8  2 1023.2 1022.6 1021.7 1021.5 9999.9 9999.9 1021.6 1022.0
Calshot(Sthmtn.)         1938  8  3 1021.6 1019.8 1019.3 1019.1 9999.9 9999.9 1018.0 1018.6
Calshot(Sthmtn.)         1938  8  4 1017.6 1016.0 1016.2 1015.6 9999.9 9999.9 1016.2 1016.8
Calshot(Sthmtn.)         1938  8  5 1015.9 1015.9 1015.4 1015.2 9999.9 9999.9 1014.9 1015.7
Calshot(Sthmtn.)         1938  8  6 1016.0 1015.8 1015.6 1014.8 9999.9 9999.9 1014.2 1014.8
Calshot(Sthmtn.)         1938  8  7 1014.6 1014.0 1014.5 1014.3 9999.9 9999.9 1013.2 1013.4
Calshot(Sthmtn.)         1938  8  8 1013.2 1013.4 1013.3 1013.1 9999.9 9999.9 1013.8 1014.4
Calshot(Sthmtn.)         1938  8  9 1014.5 1014.3 1014.2 1014.4 9999.9 9999.9 1015.3 1015.5
Calshot(Sthmtn.)         1938  8 10 1015.3 1015.1 1014.5 1014.5 9999.9 9999.9 1014.8 1015.0
Calshot(Sthmtn.)         1938  8 11 1015.2 1014.8 1014.2 1014.2 9999.9 9999.9 1014.3 1014.5
Calshot(Sthmtn.)         1938  8 12 1014.7 1014.1 1013.9 1013.7 9999.9 9999.9 1014.1 1014.3
Calshot(Sthmtn.)         1938  8 13 1014.5 1014.3 1013.7 1013.5 9999.9 9999.9 1013.7 1014.5
Calshot(Sthmtn.)         1938  8 14 1014.9 1014.7 1014.3 1014.5 9999.9 9999.9 1015.0 1015.6
Calshot(Sthmtn.)         1938  8 15 1015.9 1015.7 1015.2 1014.8 9999.9 9999.9 1012.2 1011.0
Calshot(Sthmtn.)         1938  8 16 1010.6 1009.6 1008.5 1008.5 9999.9 9999.9 1008.9 1010.1
Calshot(Sthmtn.)         1938  8 17 1012.0 1013.8 1014.5 1015.3 9999.9 9999.9 1016.7 1016.7
Calshot(Sthmtn.)         1938  8 18 1015.9 1015.3 1014.6 1013.2 9999.9 9999.9 1007.1 1005.3
Calshot(Sthmtn.)         1938  8 19 1003.9 1002.7 1002.4 1002.8 9999.9 9999.9 1005.1 1006.7
Calshot(Sthmtn.)         1938  8 20 1007.3 1008.3 1008.9 1008.9 9999.9 9999.9 1012.5 1014.1
Calshot(Sthmtn.)         1938  8 21 1015.4 1016.0 1016.5 1017.3 9999.9 9999.9 1019.5 1019.7
Calshot(Sthmtn.)         1938  8 22 1019.9 1019.7 1019.3 1016.3 9999.9 9999.9 1018.1 1019.5
Calshot(Sthmtn.)         1938  8 23 1020.9 1021.7 1021.6 1021.0 9999.9 9999.9 1019.4 1019.8
Calshot(Sthmtn.)         1938  8 24 1020.2 1020.0 1019.9 1019.7 9999.9 9999.9 1019.7 1019.7
Calshot(Sthmtn.)         1938  8 25 1020.3 1020.1 1020.2 1020.0 9999.9 9999.9 1020.4 1020.6
Calshot(Sthmtn.)         1938  8 26 1021.3 1020.7 1020.3 1020.5 9999.9 9999.9 1020.7 1020.9
Calshot(Sthmtn.)         1938  8 27 1020.8 1019.8 1018.4 1018.2 9999.9 9999.9 1016.1 1015.3
Calshot(Sthmtn.)         1938  8 28 1014.7 1013.7 1012.8 1012.2 9999.9 9999.9 1010.2 1011.2
Calshot(Sthmtn.)         1938  8 29 1011.9 1012.3 1012.2 1012.4 9999.9 9999.9 1014.9 1015.7
Calshot(Sthmtn.)         1938  8 30 1016.1 1016.1 1016.0 1015.8 9999.9 9999.9 1016.1 1016.3
Calshot(Sthmtn.)         1938  8 31 1016.6 1016.4 1016.6 1016.4 9999.9 9999.9 1017.6 1017.8
Calshot(Sthmtn.)         1938  9  1 1018.0 1018.2 1018.4 1018.2 9999.9 9999.9 1018.9 1019.5
Calshot(Sthmtn.)         1938  9  2 1020.5 1020.3 1020.1 1020.5 9999.9 9999.9 1022.7 1023.3
Calshot(Sthmtn.)         1938  9  3 1023.3 1022.9 1022.3 1022.1 9999.9 9999.9 1022.1 1022.7
Calshot(Sthmtn.)         1938  9  4 1023.6 1023.6 1023.2 1023.6 9999.9 9999.9 1024.4 1025.0
Calshot(Sthmtn.)         1938  9  5 1025.2 1023.8 1023.1 1022.7 9999.9 9999.9 1019.9 1018.7
Calshot(Sthmtn.)         1938  9  6 1017.7 1015.5 1014.0 1013.0 9999.9 9999.9 1011.1 1011.1
Calshot(Sthmtn.)         1938  9  7 1010.6 1010.2 1010.3 1010.5 9999.9 9999.9 1014.1 1016.7
Calshot(Sthmtn.)         1938  9  8 1017.7 1018.5 1019.5 1020.3 9999.9 9999.9 1022.1 1022.3
Calshot(Sthmtn.)         1938  9  9 1022.4 1022.2 1021.9 1021.9 9999.9 9999.9 1022.9 1023.1
Calshot(Sthmtn.)         1938  9 10 1023.6 1023.2 1022.9 1022.9 9999.9 9999.9 1024.5 1025.5
Calshot(Sthmtn.)         1938  9 11 1025.8 1024.8 1023.9 1023.3 9999.9 9999.9 1022.8 1023.4
Calshot(Sthmtn.)         1938  9 12 1023.8 1023.6 1023.2 1023.2 9999.9 9999.9 1023.7 1023.9
Calshot(Sthmtn.)         1938  9 13 1023.8 1022.8 1020.8 1020.2 9999.9 9999.9 1018.3 1018.1
Calshot(Sthmtn.)         1938  9 14 1017.2 1016.2 1015.4 1014.8 9999.9 9999.9 1018.4 1020.6
Calshot(Sthmtn.)         1938  9 15 1022.1 1022.1 1022.0 1022.6 9999.9 9999.9 1024.5 1024.3
Calshot(Sthmtn.)         1938  9 16 1024.4 1022.6 1022.0 1020.6 9999.9 9999.9 1016.9 1016.7
Calshot(Sthmtn.)         1938  9 17 1016.2 1015.4 1014.5 1013.9 9999.9 9999.9 1012.5 1012.9
Calshot(Sthmtn.)         1938  9 18 1012.9 1012.5 1012.1 1011.7 9999.9 9999.9 1009.8 1010.0
Calshot(Sthmtn.)         1938  9 19 1010.3 1010.1 1010.1 1010.3 9999.9 9999.9 1005.2 1004.0
Calshot(Sthmtn.)         1938  9 20 1003.9 1004.5 1005.4 1006.0 9999.9 9999.9 1005.3 1005.5
Calshot(Sthmtn.)         1938  9 21 1006.2 1007.0 1007.3 1008.5 9999.9 9999.9 1012.9 1013.9
Calshot(Sthmtn.)         1938  9 22 1015.1 1014.9 1014.6 1014.0 9999.9 9999.9 1013.1 1013.1
Calshot(Sthmtn.)         1938  9 23 1013.0 1013.2 1013.1 1012.9 9999.9 9999.9 1011.8 1011.6
Calshot(Sthmtn.)         1938  9 24 1012.0 1012.2 1012.0 1012.2 9999.9 9999.9 1010.2 1011.8
Calshot(Sthmtn.)         1938  9 25 1012.3 1013.1 1013.6 1014.0 9999.9 9999.9 1013.9 1013.9
Calshot(Sthmtn.)         1938  9 26 1014.2 1013.8 1013.6 1013.8 9999.9 9999.9 1014.5 1014.9
Calshot(Sthmtn.)         1938  9 27 1015.9 1015.5 1015.0 1014.8 9999.9 9999.9 1014.6 1014.2
Calshot(Sthmtn.)         1938  9 28 1014.4 1013.6 1012.8 1012.2 9999.9 9999.9 1009.6 1009.8
Calshot(Sthmtn.)         1938  9 29 1012.1 1013.1 1013.4 1014.0 9999.9 9999.9 1013.6 1014.0
Calshot(Sthmtn.)         1938  9 30 1014.1 1013.5 1013.3 1013.9 9999.9 9999.9 1015.0 1015.6
