set term postscript eps color 18
load "/home/hc1300/hadpb/.gp_line_styles"
set grid
set output 'portsmouth_ts_193808-09.eps'
set xdata time
set timefmt '%Y%m%d%H'
set format x '%b %d'
set xlabel 'Date (in 1938)'
set ylabel 'SLP (hPa)'
set key below
#set yrange [980:1040]
set xrange ['1938080100':'1938093023']
set xtics ('1938080100','1938081000','1938082000',\
           '1938090100','1938091000','1938092000',\
           '1938100100')
plot '-' using 1:2 title 'Boreas    ' w l ls 1,\
'-' using 1:2 title 'Challenger' w l ls 2,\
'-' using 1:2 title 'Coventry  ' w l ls 3,\
'-' using 1:2 title 'Dispatch  ' w l ls 4,\
'-' using 1:2 title 'Dunedin   ' w l ls 5,\
'-' using 1:2 title 'Enterprise' w l ls 6,\
'-' using 1:2 title 'Manchester' w l ls 13,\
'-' using 1:2 title 'Nelson    ' w l ls 8,\
'-' using 1:2 title 'Rodney    ' w l ls 9,\
'-' using 1:2 title 'Velox     ' w l ls 10,\
'-' using 1:2 title 'Wrestler  ' w l ls 12,\
'-' using 1:2 title 'Calshot (Land)' w l ls 201
1938080603 1012
1938080607 1013
1938080611 1013
1938080615 1012
1938080617 1012
1938080619 1012
1938080623 1012
1938080703 1011
1938080707 1011
1938080711 1011
1938080715 1011
1938080717 1011
1938080719 1011
1938080723 1011
1938080803 1010
1938080807 1010
1938080811 1010
1938080815 1010
1938080817 1010
1938080819 1010
1938080823 1010
1938080903 1010
1938080907 1011
1938080911 1011
1938080915 1011
1938080917 1011
1938080919 1011
1938080923 1013
1938081003 1011
1938081007 1012
1938081011 1012
1938081015 1011
1938081017 1011
1938081019 1011
1938081023 1011
1938081103 1011
1938081107 1012
1938081111 1012
1938081115 1011
1938081117 1011
1938081119 1011
1938081123 1011
1938081203 1011
1938081207 1011
1938081211 1010
1938081215 1010
1938081217 1010
1938081219 1010
1938081223 1010
1938081303 1011
1938081307 1011
1938081311 1011
1938081315 1010
1938081317 1011
1938081319 1011
1938081323 1011
1938081403 1010
1938081407 1011
1938081411 1012
1938081415 1011
1938081417 1011
1938081419 1011
1938081423 1012
1938081503 1012
1938081507 1013
1938081511 1013
1938081515 1012
1938081517 1012
1938081519 1011
1938081523 1011
1938081603 1009
1938081607 1008
1938081611 1007
1938081615 1005
1938081617 1005
1938081619 1005
1938081623 1006
1938081703 1005
1938081707 1007
1938081711 1009
1938081715 1011
1938081717 1012
1938081719 1013
1938081723 1014
1938081803 1014
1938081807 1014
1938081811 1013
1938081815 1011
1938081817 1010
1938081819 1010
1938081823 1007
1938081903 1000
1938081907 1002
1938081911 1000
1938081915 999
1938081917 999
1938081919 999
1938081923 1001
1938082003 1001
1938082007 1003
1938082011 1005
1938082015 1006
1938082017 1006
1938082019 1006
1938082023 1008
1938082103 1009
1938082107 1011
1938082111 1018
1938082115 1014
1938082117 1014
1938082119 1014
1938082123 1017
1938082203 1017
1938082207 1017
1938082211 1018
1938082215 1017
1938082217 1015
1938082219 1014
1938082223 1013
1938082303 1015
1938082307 1017
1938082311 1019
1938082315 1020
1938082317 1021
1938082319 1021
1938082323 1020
1938082403 1019
1938082407 1018
1938082411 1017
1938082415 1018
1938082417 1018
1938082419 1017
1938082423 1018
1938082503 1017
1938082507 1017
1938082511 1018
1938082515 1018
1938082517 1017
1938082519 1017
1938082523 1018
1938082603 1018
1938082607 1018
1938082611 1018
1938082615 1018
1938082617 1018
1938082619 1018
1938082623 1019
1938082703 1018
1938082707 1018
1938082711 1017
1938082715 1016
1938082717 1016
1938082719 1016
1938082723 1015
1938082803 1013
1938082807 1013
1938082811 1011
1938082815 1009
1938082817 1009
1938082819 1009
1938082823 1008
1938082903 1007
1938082907 1008
1938082911 1009
1938082915 1009
1938082917 1009
1938082919 1010
1938082923 1012
1938083003 1012
1938083007 1012
1938083011 1013
1938083015 1013
1938083017 1012
1938083019 1012
1938083023 1014
1938083103 1012
1938083107 1014
1938083111 1013
1938083115 1013
1938083117 1012
1938083119 1012
1938083123 1012

1938090103 1014
1938090107 1015
1938090111 1015
1938090115 1016
1938090117 1016
1938090119 1015
1938090123 1016
1938090203 1016
1938090207 1017
1938090211 1018
1938090215 1017
1938090217 1017
1938090219 1017
1938090223 1019
1938090303 1019
1938090307 1020
1938090311 1021
1938090315 1020
1938090317 1019
1938090319 1019
1938090323 1021
1938090403 1020
1938090407 1020
1938090411 1021
1938090415 1021
1938090417 1021
1938090419 1021
1938090423 1022
1938090503 1023
1938090507 1022
1938090511 1022
1938090515 1021
1938090517 1020
1938090519 1020
1938090523 1020
1938090603 1018
1938090607 1015
1938090611 1014
1938090615 1011
1938090617 1010
1938090619 1010
1938090623 1009
1938090707 1008
1938090711 1007
1938090715 1009
1938090717 1009
1938090719 1009
1938090723 1010
1938090803 1011
1938090807 1014
1938090811 1015
1938090815 1017
1938090817 1017
1938090819 1018
1938090823 1019
1938090903 1019
1938090907 1019
1938090911 1019
1938090915 1019
1938090917 1019
1938090919 1020
1938090923 1020
1938091003 1020
1938091007 1020
1938091011 1020
1938091015 1020
1938091017 1021
1938091019 1021
1938091023 1023
1938091103 1023
1938091107 1023
1938091111 1023
1938091115 1021
1938091117 1021
1938091119 1021
1938091123 1021
1938091203 1021
1938091207 1021
1938091211 1021
1938091215 1021
1938091217 1021
1938091219 1021
1938091223 1022
1938091303 1021
1938091307 1022
1938091311 1021
1938091315 1019
1938091317 1018
1938091319 1018
1938091323 1018
1938091403 1016
1938091407 1015
1938091411 1014
1938091415 1012
1938091417 1012
1938091419 1012
1938091423 1014
1938091503 1014
1938091507 1016
1938091511 1020
1938091515 1020
1938091517 1020
1938091519 1021
1938091523 1022

1938091703 1012
1938091707 1012
1938091711 1012
1938091715 1008
1938091717 1007
1938091719 1007
1938091723 1008
e
1938080105 1023
1938080109 1022
1938080113 1024
1938080117 1025
1938080119 1023
1938080121 1023
1938080201 1023
1938080205 1022
1938080209 1024
1938080213 1022
1938080217 1021
1938080219 1021
1938080221 1021
1938080301 1023
1938080305 1021
1938080309 1021
1938080313 1020
1938080317 1018
1938080319 1018
1938080321 1019
1938080401 1018
1938080405 1018
1938080409 1017
1938080413 1017
1938080417 1016
1938080419 1015
1938080421 1015
1938080501 1016
1938080505 1015
1938080509 1016
1938080513 1015
1938080517 1016
1938080519 1016
1938080521 1014
1938080601 1015
1938080605 1015
1938080609 1015
1938080613 1015
1938080617 1016
1938080619 1014
1938080621 1014
1938080701 1014
1938080705 1013
1938080709 1013
1938080713 1014
1938080717 1013
1938080719 1014
1938080721 1013
1938080801 1013
1938080805 1012
1938080809 1012
1938080813 1014
1938080817 1013
1938080819 1012
1938080821 1014
1938080901 1014
1938080905 1013
1938080909 1014
1938080913 1013
1938080917 1013
1938080919 1013
1938080921 1014
1938081001 1014
1938081005 1015
1938081009 1014
1938081013 1015
1938081017 1015
1938081019 1014
1938081021 1014
1938081101 1015
1938081105 1014
1938081109 1014
1938081113 1014
1938081117 1014
1938081119 1014
1938081121 1013
1938081201 1014
1938081205 1014
1938081209 1014
1938081213 1014
1938081217 1013
1938081219 1013
1938081221 1013
1938081301 1014
1938081305 1014
1938081309 1014
1938081313 1014
1938081317 1014
1938081319 1013
1938081321 1013
1938081401 1014
1938081405 1015
1938081409 1014
1938081413 1015
1938081417 1015
1938081419 1014
1938081501 1014
1938081505 1014
1938081509 1015
1938081513 1017
1938081517 1016
1938081519 1016
1938081521 1015
1938081601 1014
1938081605 1012
1938081609 1011
1938081613 1009
1938081617 1008
1938081619 1009
1938081621 1009
1938081701 1009
1938081705 1010
1938081709 1009
1938081713 1017
1938081717 1017
1938081719 1018
1938081721 1019
1938081801 1020
1938081805 1020
1938081809 1019
1938081813 1018
1938081817 1018
1938081819 1017
1938081821 1015
1938081901 1013
1938081905 1010
1938081909 1008
1938081913 1006
1938081917 1004
1938081919 1005
1938081921 1006
1938082001 1006
1938082005 1007
1938082009 1009
1938082013 1010
1938082017 1011
1938082019 1011
1938082021 1012
1938082101 1014
1938082105 1015
1938082109 1016
1938082113 1018
1938082117 1019
1938082119 1019
1938082121 1020
1938082201 1023
1938082205 1023
1938082209 1022
1938082213 1022
1938082217 1022
1938082219 1021
1938082221 1019
1938082301 1019
1938082305 1021
1938082309 1022
1938082313 1023
1938082317 1024
1938082319 1023
1938082321 1024
1938082401 1024
1938082405 1023
1938082409 1022
1938082413 1022
1938082417 1023
1938082419 1023
1938082421 1023
1938082501 1024
1938082517 1023
1938082519 1024
1938082521 1023
1938082601 1023
1938082605 1024
1938082609 1024
1938082613 1023
1938082617 1023
1938082619 1022
1938082621 1023
1938082701 1024
1938082705 1024
1938082709 1023
1938082717 1022
1938082719 1021
1938082721 1022
1938082801 1021
1938082805 1019
1938082809 1018
1938082813 1017
1938082817 1015
1938082819 1015
1938082821 1015
1938082901 1015
1938082905 1014
1938082909 1014
1938082913 1014
1938082917 1015
1938082919 1015
1938082921 1014
1938083001 1017
1938083005 1017
1938083009 1018
1938083013 1019
1938083017 1021
1938083019 1019
1938083021 1019
1938083101 1019
1938083105 1020
1938083109 1019
1938083113 1023
1938083117 1021
1938083119 1020
1938083121 1020

1938090101 1022
1938090105 1021
1938090109 1022
1938090113 1020
1938090117 1021
1938090119 1022
1938090121 1023
1938090201 1022
1938090205 1022
1938090209 1023
1938090213 1024
1938090217 1023
1938090219 1023
1938090221 1023
1938090301 1026
1938090305 1025
1938090309 1026
1938090313 1025
1938090317 1022
1938090319 1022
1938090321 1022
1938090401 1023
1938090405 1022
1938090409 1022
1938090413 1023
1938090417 1024
1938090419 1023
1938090421 1023
1938090501 1025
1938090505 1024
1938090509 1024
1938090513 1023
1938090517 1023
1938090519 1023
1938090521 1022
1938090601 1021
1938090605 1021
1938090609 1019
1938090613 1016
1938090617 1013
1938090619 1012
1938090621 1013
1938090701 1012

1938090805 1014
1938090809 1016
1938090813 1019
1938090817 1019
1938090819 1020
1938090821 1021
1938090901 1021
1938090905 1022
1938090909 1021
1938090913 1022
1938090917 1022
1938090919 1022
1938090921 1022
1938091001 1022
1938091005 1022
1938091009 1022
1938091013 1022
1938091017 1023
1938091019 1023
1938091021 1023
1938091101 1025
1938091105 1025
1938091109 1025
1938091113 1024
1938091117 1024
1938091119 1024
1938091121 1023
1938091201 1023
1938091205 1024
1938091209 1023
1938091213 1024
1938091217 1022
1938091219 1022
1938091221 1023
1938091301 1022
1938091305 1024
1938091309 1023
1938091313 1024
1938091317 1023
1938091319 1021
1938091321 1021
1938091401 1019
1938091405 1019
1938091409 1019
1938091413 1018
1938091417 1016
1938091419 1014
1938091421 1014
1938091501 1016
1938091505 1017
1938091509 1020
1938091513 1017
1938091517 1017
1938091519 1017
1938091521 1019
1938091601 1020
1938091605 1020
1938091609 1020
1938091613 1019
1938091617 1017
1938091619 1022
1938091621 1021
1938091701 1014
1938091705 1018
1938091709 1016
1938091713 1016
1938091717 1015
1938091719 1015
1938091721 1014
1938091801 1013
1938091805 1014
1938091809 1013
1938091813 1012
1938091817 1012
1938091819 1011
1938091821 1011
1938091901 1011
1938091905 1010
1938091909 1009
1938091913 1010
1938091917 1010
1938091919 1011
1938091921 1011
1938092001 1011
1938092005 1011
1938092009 1004
1938092013 1007
1938092017 1004
1938092019 1006
1938092021 1007
1938092101 1006
1938092105 1005
1938092109 1005
1938092113 1006
1938092117 1008
1938092119 1009
1938092121 1009
1938092201 1009
1938092205 1012
1938092209 1014
1938092213 1015
1938092217 1014
1938092219 1014
1938092221 1016
1938092301 1016
1938092305 1014
1938092309 1013
1938092317 1013
1938092319 1013
1938092401 1013
1938092405 1013
1938092409 1012
1938092413 1012
1938092417 1012
1938092419 1012
1938092421 1011
1938092501 1011
1938092505 1010
1938092509 1011
1938092513 1013
1938092517 1013
1938092519 1013
1938092521 1013
1938092601 1016
1938092605 1014
1938092609 1014
1938092613 1015
1938092617 1013
1938092619 1014
1938092621 1013
1938092701 1014
1938092705 1014
1938092709 1015
1938092713 1016
1938092717 1015
1938092719 1015
1938092721 1014
1938092801 1015
1938092805 1014
1938092809 1014
1938092813 1016
1938092817 1015
1938092819 1012
1938092821 1012
1938092901 1012
1938092905 1009
1938092909 1009
1938092913 1013
1938092917 1013
1938092919 1014
1938092921 1015
1938093001 1015
e
1938080103 1023
1938080107 1024
1938080111 1025
1938080115 1025
1938080117 1025
1938080119 1025
1938080123 1025
1938080203 1023
1938080207 1024
1938080211 1024
1938080215 1023
1938080217 1023
1938080219 1023
1938080223 1023
1938080303 1022
1938080307 1022
1938080311 1022
1938080315 1021
1938080317 1021
1938080319 1021
1938080323 1020
1938080403 1019
1938080407 1018
1938080411 1017
1938080415 1017
1938080417 1017
1938080419 1017
1938080423 1017
1938080503 1018
1938080507 1016
1938080511 1016
1938080515 1016
1938080517 1016
1938080519 1016
1938080523 1016
1938080603 1016
1938080607 1016
1938080611 1016
1938080615 1017
1938080617 1016
1938080619 1016
1938080623 1015
1938080703 1015
1938080707 1015
1938080711 1015
1938080715 1015
1938080717 1015
1938080719 1015
1938080723 1015
1938080803 1014
1938080807 1014
1938080811 1014
1938080815 1014
1938080817 1014
1938080819 1014
1938080823 1014
1938080903 1014
1938080907 1014
1938080911 1015
1938080915 1013
1938080919 1013
1938080923 1014
1938081003 1014
1938081007 1014
1938081011 1014
1938081017 1013
1938081019 1013
1938081023 1013
1938081103 1013
1938081107 1013
1938081111 1013
1938081115 1013
1938081117 1012
1938081119 1013
1938081123 1013
1938081203 1013
1938081207 1014
1938081211 1013
1938081215 1013
1938081217 1013
1938081219 1013
1938081223 1012
1938081303 1012
1938081307 1012
1938081311 1013
1938081315 1012
1938081317 1012
1938081319 1012
1938081323 1012
1938081403 1013
1938081407 1012
1938081411 1013
1938081415 1013
1938081417 1014
1938081419 1014
1938081423 1014
1938081503 1014
1938081507 1014
1938081511 1014
1938081515 1014
1938081517 1014
1938081519 1013
1938081523 1012
1938081603 1011
1938081607 1011
1938081611 1008
1938081615 1007
1938081617 1008
1938081619 1007
1938081623 1008
1938081703 1007
1938081707 1008
1938081711 1010
1938081715 1013
1938081717 1014
1938081719 1015
1938081723 1016
1938081803 1016
1938081807 1015
1938081811 1015
1938081815 1013
1938081817 1012
1938081819 1012
1938081823 1009
1938081903 1007
1938081907 1004
1938081911 1002
1938081915 1002
1938081917 1001
1938081919 1001
1938081923 1004
1938082003 1003
1938082007 1006
1938082011 1006
1938082015 1007
1938082017 1007
1938082019 1007
1938082023 1009
1938082103 1011
1938082107 1012
1938082111 1012
1938082115 1015
1938082117 1015
1938082119 1016
1938082123 1018
1938082203 1018
1938082207 1018
1938082211 1019
1938082215 1018
1938082217 1016
1938082219 1015
1938082223 1015
1938082303 1016
1938082307 1018
1938082311 1020
1938082315 1020
1938082317 1020
1938082319 1020
1938082323 1020
1938082403 1019
1938082407 1019
1938082411 1018
1938082415 1019
1938082417 1018
1938082419 1018
1938082423 1018
1938082503 1018
1938082507 1018
1938082511 1018
1938082515 1021
1938082517 1021
1938082519 1021
1938082523 1022
1938082603 1021
1938082607 1021
1938082611 1021
1938082615 1021
1938082617 1021
1938082619 1021
1938082623 1022
1938082703 1023
1938082707 1022
1938082711 1022
1938082715 1020
1938082717 1019
1938082719 1019
1938082723 1020
1938082803 1016
1938082807 1016
1938082811 1014
1938082815 1014
1938082817 1012
1938082819 1012
1938082823 1011
1938082903 1010
1938082907 1010
1938082911 1012
1938082915 1012
1938082917 1013
1938082919 1013
1938082923 1012
1938083003 1015
1938083007 1017
1938083011 1015
1938083015 1016
1938083017 1016
1938083019 1016
1938083023 1015
1938083103 1016
1938083107 1016
1938083111 1016
1938083115 1016
1938083117 1017
1938083119 1017
1938083123 1017

1938090103 1018
1938090107 1017
1938090111 1016
1938090115 1018
1938090117 1018
1938090119 1018
1938090123 1019
1938090203 1019
1938090207 1019
1938090211 1017
1938090215 1013
1938090217 1015
1938090219 1018
1938090223 1023
1938090303 1024
1938090307 1024
1938090311 1023
1938090315 1022
1938090317 1022
1938090319 1022
1938090323 1022
1938090403 1022
1938090407 1022
1938090411 1022
1938090415 1024
1938090417 1024
1938090419 1024
1938090423 1024
1938090503 1024
1938090507 1024
1938090511 1024
1938090515 1023
1938090517 1024
1938090519 1023
1938090523 1022
1938090603 1021
1938090607 1018
1938090611 1016
1938090615 1014
1938090617 1013
1938090619 1013
1938090623 1012
1938090703 1011
1938090707 1010
1938090711 1010
1938090715 1011
1938090717 1010
1938090719 1009
1938090723 1010
1938090803 1012
1938090807 1014
1938090811 1016
1938090815 1020
1938090817 1021
1938090819 1021
1938090823 1022
1938090903 1022
1938090907 1022
1938090911 1022
1938090915 1022
1938090917 1022
1938090919 1022
1938090923 1023
1938091003 1022
1938091007 1022
1938091011 1021
1938091015 1022
1938091017 1022
1938091019 1022
1938091023 1025
1938091103 1024
1938091107 1024
1938091111 1024
1938091115 1024
1938091117 1022
1938091119 1020
1938091123 1023
1938091203 1023
1938091207 1022
1938091211 1024
1938091215 1024
1938091217 1024
1938091219 1024
1938091223 1024
1938091303 1024
1938091307 1024
1938091311 1023
e

1938092910 1011
1938092914 1013
1938092916 1013
1938092918 1013
1938092922 1014
1938093002 1014
1938093006 1013
1938093011 1013
1938093015 1012
1938093017 1013
1938093019 1013
1938093023 1013
e
1938080103 1023
1938080107 1024
1938080111 1024
1938080115 1024
1938080117 1024
1938080119 1024
1938080123 1024

1938080503 1016
1938080507 1017
1938080511 1016
1938080515 1017
1938080517 1016
1938080519 1016
1938080523 1015
1938080603 1016
1938080607 1017
1938080611 1016
1938080615 1016
1938080617 1016
1938080619 1015
1938080623 1016
1938080703 1015
1938080707 1015
1938080711 1015
1938080715 1014
1938080717 1015
1938080719 1014
1938080723 1014
1938080803 1014
1938080807 1012
1938080811 1011
1938080815 1012
1938080817 1012
1938080819 1012
1938080823 1012

1938081203 1013
1938081207 1013
1938081211 1013
1938081215 1012
1938081217 1012
1938081219 1012
1938081223 1012
1938081303 1012
1938081307 1013
1938081311 1013
1938081315 1012
1938081317 1012
1938081319 1012
1938081323 1012
1938081403 1012
1938081407 1013
1938081411 1012
1938081415 1012
1938081417 1012
1938081419 1013
1938081423 1014
1938081503 1014
1938081507 1014
1938081511 1015
1938081515 1018
1938081517 1014
1938081519 1013
1938081603 1010
1938081607 1008
1938081611 1011
1938081615 1012
1938081617 1007
1938081619 1007
1938081623 1007

1938081903 1006
1938081907 1003
1938081911 1001
1938081915 1002
1938081917 1001
1938081919 1001
1938081923 1002
1938082003 1002
1938082007 1005
1938082011 1006
1938082015 1007
1938082017 1005
1938082019 1005
1938082023 1009
1938082103 1011
1938082107 1011
1938082111 1012
1938082115 1014
1938082117 1014
1938082119 1013
1938082123 1017
1938082203 1017
1938082207 1018
1938082211 1017
1938082215 1017
1938082217 1015
1938082219 1014
1938082223 1014
1938082303 1015
1938082307 1017
1938082311 1019
1938082315 1021
1938082317 1020
1938082319 1019
1938082323 1020
1938082403 1020
1938082407 1019
1938082411 1019
1938082415 1019
1938082417 1017
1938082419 1017
1938082423 1018
1938082503 1017
1938082507 1018
1938082511 1019
1938082515 1018
1938082517 1018
1938082519 1018
1938082523 1017
1938082603 1019
1938082607 1019
1938082611 1020
1938082615 1018
1938082617 1018
1938082619 1017
1938082623 1018
1938082703 1021
1938082707 1019
1938082711 1019
1938082715 1017
1938082717 1017
1938082719 1017
1938082723 1015
1938082803 1014
1938082807 1014
1938082811 1013
1938082815 1010
1938082817 1011
1938082819 1009
1938082823 1009
1938082903 1008
1938082907 1008
1938082911 1009
1938082915 1011
1938082917 1010
1938082919 1010
1938082923 1012
1938083003 1013
1938083007 1014
1938083011 1014
1938083015 1012
1938083017 1013
1938083019 1013
1938083023 1014
1938083103 1014
1938083107 1014
1938083111 1014
1938083115 1014
1938083117 1016
1938083119 1015
1938083123 1015

1938090103 1015
1938090107 1016
1938090111 1016
1938090115 1016
1938090117 1016
1938090119 1017
1938090123 1016
1938090203 1017
1938090207 1018
1938090211 1018
1938090215 1019
1938090217 1019
1938090219 1020
1938090223 1021
1938090303 1021
1938090307 1022
1938090311 1022
1938090315 1022
1938090317 1020
1938090319 1019
1938090323 1022
1938090403 1021
1938090407 1021
1938090411 1022
1938090415 1022
1938090417 1022
1938090419 1023
1938090423 1024
1938090503 1024
1938090507 1024
1938090511 1023
1938090515 1022
1938090517 1021
1938090519 1021
1938090523 1021
1938090603 1019
1938090607 1017
1938090611 1015
1938090615 1013
1938090617 1012
1938090619 1012
1938090623 1012
1938090703 1010
1938090707 1010
1938090711 1009
1938090715 1009
1938090717 1008
1938090719 1009
1938090723 1012
1938090803 1012
1938090807 1014
1938090811 1017
1938090815 1018
1938090817 1019
1938090819 1020
1938090823 1021
1938090903 1021
1938090907 1021
1938090911 1021
1938090915 1022
1938090917 1021
1938090919 1021
1938090923 1000
1938091003 1020
1938091007 1022
1938091011 1021
1938091015 1022
1938091017 1022
1938091019 1022
1938091023 1024
1938091103 1024
1938091107 1025
1938091111 1024
1938091115 1023
1938091117 1022
1938091119 1022
1938091123 1022
1938091203 1022
1938091207 1019
1938091211 1023
1938091215 1024
1938091217 1024
1938091219 1023
1938091223 1024
1938091303 1023
1938091307 1023
1938091311 1023
1938091315 1022
1938091317 1020
1938091319 1019
1938091323 1019
1938091403 1018
1938091407 1017
1938091411 1016
1938091415 1014
1938091417 1015
1938091419 1015
1938091423 1015
1938091503 1018
1938091507 1020
1938091511 1023
1938091515 1022
1938091517 1022
1938091519 1022
1938091523 1024
1938091603 1024
1938091607 1023
1938091611 1023
1938091615 1021
1938091617 1021
1938091619 1021
1938091623 1019
1938091703 1018
1938091707 1016
1938091711 1016
1938091715 1016
1938091717 1014
1938091719 1014
1938091723 1013
1938091803 1012
1938091807 1012
1938091811 1012
1938091815 1012
1938091817 1011
1938091819 1012
1938091823 1010
1938091903 1010
1938091907 1009
1938091911 1009
1938091915 1009
1938091917 1010
1938091919 1010
1938091923 1009
1938092003 1007
1938092007 1005
1938092011 1004
1938092015 1005
1938092017 1005
1938092019 1005
1938092023 1006
1938092103 1005
1938092107 1006
1938092111 1006
1938092115 1014
1938092117 1014
1938092119 1014
1938092123 1014
1938092203 1014
1938092207 1017
1938092211 1015
1938092215 1017
1938092217 1015
1938092219 1017
1938092223 1017
1938092303 1016
1938092307 1017
1938092311 1015
1938092315 1017
1938092317 1017
1938092319 1016
1938092323 1017
1938092403 1017
1938092407 1017
1938092411 1012
1938092415 1012
1938092417 1012
1938092419 1011
1938092423 1011
1938092503 1012
1938092507 1012
1938092511 1012
1938092515 1013
1938092517 1013
1938092519 1013
1938092523 1014
1938092603 1014
1938092607 1013
1938092611 1013
1938092615 1012
1938092617 1012
1938092619 1013
1938092623 1014
1938092703 1014
1938092707 1014
1938092711 1014
1938092715 1014
1938092717 1014
1938092719 1014
1938092723 1014
1938092803 1014
1938092807 1014
1938092811 1014
1938092815 1013
1938092817 1012
1938092819 1011
1938092823 1009
1938092903 1009
1938092907 1010
1938092911 1011
1938092915 1012
1938092917 1013
1938092919 1014
1938092923 1014
1938093003 1013
1938093007 1013
1938093011 1013
1938093015 1013
1938093017 1013
1938093019 1014
1938093023 1015
e
1938080103 1021
1938080107 1023
1938080111 1023
1938080115 1025
1938080117 1025
1938080119 1024
1938080123 1025
1938080203 1025
1938080207 1025
1938080211 1024
1938080215 1020
1938080217 1022
1938080219 1023
1938080223 1020
1938080303 1021
1938080307 1019
1938080311 1022
1938080315 1022
1938080317 1020
1938080319 1021
1938080323 1022
1938080403 1019
1938080407 1019
1938080411 1020
1938080415 1024
1938080417 1023
1938080419 1017
1938080423 1016
1938080503 1013
1938080507 1013
1938080511 1013
1938080515 1015
1938080517 1014
1938080519 1014
1938080523 1017
1938080603 1011
1938080607 1015
1938080611 1016
1938080615 1016
1938080617 1014
1938080619 1013
1938080623 1012
1938080703 1014
1938080707 1013
1938080711 1014
1938080715 1019
1938080717 1019
1938080719 1015
1938080723 1014
1938080803 1011
1938080807 1011
1938080811 1013
1938080815 1013
1938080817 1013
1938080819 1013
1938080823 1013
1938080903 1014
1938080907 1014
1938080911 1017
1938080915 1017
1938080917 1017
1938080919 1015
1938080923 1020
1938081003 1016
1938081007 1018
1938081011 1015
1938081015 1014
1938081017 1014
1938081019 1014
1938081023 1015
1938081103 1014
1938081107 1015
1938081111 1016
1938081115 1016
1938081117 1016
1938081119 1016
1938081123 1015
1938081203 1018
1938081207 1019
1938081211 1015
1938081215 1013
1938081217 1013
1938081219 1013
1938081223 1013
1938081303 1013
1938081403 1015
1938081407 1013
1938081411 1013
1938081415 1013
1938081417 1013
1938081419 1012
1938081423 1016
1938081503 1016
1938081507 1016
1938081511 1016
1938081515 1014
1938081517 1014
1938081519 1013
1938081523 1013
1938081603 1020
1938081607 1020
1938081611 1009
1938081615 1008
1938081617 1008
1938081619 1008
1938081623 1009
1938081703 1009
1938081707 1012
1938081711 1011
1938081715 1011
1938081717 1017
1938081719 1016
1938081803 1021
1938081807 1021
1938081811 1015
1938081815 1014
1938081817 1013
1938081819 1013
1938081823 1010
1938081903 1007
1938081907 1008
1938081911 1009
1938081915 1005
1938081917 1005
1938081919 1005
1938081923 1005
1938082003 1005
1938082007 1009
1938082011 1008
1938082015 1008
1938082017 1008
1938082019 1008
1938082023 1008
1938082103 1008
1938082107 1014
1938082111 1015
1938082115 1015
1938082117 1016
1938082119 1016
1938082123 1021
1938082203 1022
1938082207 1019
1938082211 1020
1938082215 1019
1938082217 1018
1938082219 1016
1938082223 1017
1938082303 1017
1938082307 1016
1938082311 1020
1938082315 1026
1938082317 1025
1938082319 1026
1938082323 1025
1938082403 1023
1938082407 1023
1938082411 1026
1938082415 1020
1938082417 1021
1938082419 1020
1938082423 1021
1938082503 1021
1938082507 1021
1938082511 1023
1938082515 1022
1938082517 1021
1938082519 1021
1938082523 1022
1938082603 1025
1938082607 1024
1938082611 1021
1938082615 1022
1938082617 1021
1938082619 1021
1938082623 1021
1938082703 1021
1938082707 1021
1938082711 1021
1938082715 1022
1938082717 1018
1938082719 1022
1938082723 1022
1938082803 1015
1938082807 1015
1938082811 1013
1938082815 1012
1938082817 1011
1938082819 1011
1938082823 1011
1938082903 1008
1938082907 1008
1938082911 1014
1938082915 1016
1938082917 1015
1938082919 1013
1938082923 1014
1938083003 1013
1938083007 1014
1938083011 1015
1938083015 1015
1938083017 1015
1938083019 1015
1938083023 1016
1938083103 1016
1938083107 1015
1938083111 1016
1938083115 1016
1938083117 1016
1938083119 1016
1938083123 1016

1938090103 1017
1938090107 1017
1938090111 1017
1938090115 1018
1938090117 1018
1938090119 1019
1938090123 1019
1938090203 1019
1938090207 1019
1938090211 1019
1938090215 1021
1938090217 1022
1938090219 1021
1938090223 1019
1938090303 1023
1938090307 1022
1938090311 1027
1938090315 1023
1938090317 1022
1938090319 1021
1938090323 1023
1938090403 1023
1938090407 1023
1938090411 1023
1938090415 1022
1938090417 1023
1938090419 1023
1938090423 1023
1938090503 1021
1938090507 1022
1938090511 1022
1938090515 1025
1938090517 1023
1938090519 1022
1938090523 1023
1938090603 1020
1938090607 1017
1938090611 1018
1938090615 1014
1938090617 1016
1938090619 1015
1938090623 1014
1938090703 1010
1938090707 1010
1938090711 1010
1938090715 1008
1938090717 1009
1938090719 1010
1938090723 1011
1938090803 1011
1938090807 1016
1938090811 1018
1938090815 1018
1938090817 1020
1938090819 1025
1938090823 1025
1938090903 1025
1938090907 1023
1938090911 1021
1938090915 1021
1938090917 1022
1938090919 1021
1938090923 1023
1938091003 1022
1938091007 1021
1938091011 1026
1938091015 1024
1938091017 1025
1938091019 1024
1938091023 1025
1938091103 1024
1938091107 1023
1938091111 1023
1938091115 1023
1938091117 1023
1938091119 1023
1938091123 1023
1938091203 1023
1938091207 1023
1938091211 1024
1938091215 1029
1938091217 1029
1938091219 1028
1938091223 1024
1938091315 1020
1938091317 1019
1938091319 1018
1938091323 1017
1938091403 1016
1938091407 1016
1938091411 1017
1938091415 1017
1938091417 1018
1938091419 1018
1938091423 1015
1938091503 1019
1938091507 1019
1938091511 1020
1938091515 1021
1938091517 1022
1938091519 1023
1938091523 1028
1938091603 1026
1938091607 1026
1938091611 1024
1938091615 1029
1938091617 1029
1938091619 1028
1938091623 1027
1938091703 1027
1938091707 1022
1938091711 1023
1938091715 1023
1938091717 1020
1938091719 1016
1938091723 1013
1938091803 1013
1938091807 1012
1938091811 1013
1938091815 1010
1938091817 1009
1938091819 1009
1938091823 1008
1938091903 1012
1938091907 1014
1938091911 1016
1938091915 1015
1938091917 1012
1938091919 1009
1938091923 1007
1938092003 1005
1938092007 1005
1938092011 1003
1938092015 1008
1938092017 1008
1938092019 1008
1938092023 1008
1938092103 1004
1938092107 1005
1938092111 1004
1938092115 1005
1938092117 1005
1938092119 1005
1938092123 1007
1938092203 1004
1938092207 1005
1938092211 1004
1938092215 1005
1938092217 1005
1938092219 1005
1938092223 1007
1938092303 1012
1938092307 1014
1938092311 1010
1938092315 1011
1938092317 1011
1938092319 1012
1938092323 1011
1938092403 1012
1938092407 1014
1938092411 1010
1938092415 1011
1938092417 1011
1938092419 1012
1938092423 1011
1938092503 1011
1938092507 1014
1938092511 1013
1938092515 1011
1938092517 1017
1938092519 1016
1938092523 1013
1938092603 1014
1938092607 1012
1938092611 1016
1938092615 1017
1938092617 1017
1938092619 1014
1938092623 1015
1938092703 1012
1938092707 1013
1938092711 1014
1938092715 1013
1938092717 1012
1938092719 1012
1938092723 1013
1938092803 1013
1938092807 1013
1938092811 1012
1938092815 1019
1938092817 1019
1938092819 1018
1938092823 1018
1938092903 1011
1938092907 1012
1938092911 1011
1938092915 1011
1938092917 1012
1938092919 1013
1938092923 1013
1938093003 1015
1938093007 1012
1938093011 1013
1938093015 1014
1938093017 1014
1938093019 1014
1938093023 1014
e
1938080702 1012
1938080706 1012
1938080710 1012
1938080714 1014
1938080716 1014
1938080718 1012
1938080722 1012
1938080802 1011
1938080806 1011
1938080810 1015
1938080814 1011
1938080816 1011
1938080818 1011
1938080822 1012
1938080902 1011
1938080906 1012
1938080910 1012
1938080914 1012
1938080916 1013
1938080918 1013
1938080922 1013
1938081002 1013
1938081006 1013
1938081010 1013
1938081014 1012
1938081016 1012
1938081018 1012
1938081022 1012
1938081102 1012
1938081106 1012
1938081110 1014
1938081114 1014
1938081116 1014
1938081118 1013
1938081122 1013
1938081202 1013
1938081206 1014
1938081210 1013
1938081214 1012
1938081216 1012
1938081218 1011
1938081222 1013
1938081302 1013
1938081306 1014
1938081310 1013
1938081314 1014
1938081316 1013
1938081318 1013
1938081322 1013
1938081402 1013
1938081406 1013
1938081410 1013
1938081414 1013
1938081416 1013
1938081418 1013
1938081422 1014
1938081502 1014
1938081506 1014
1938081510 1015
1938081514 1014
1938081516 1014
1938081518 1013
1938081522 1013
1938081602 1013
1938081606 1010
1938081610 1009
1938081614 1007
1938081616 1007
1938081618 1007
1938081622 1007
1938081702 1007
1938081706 1008
1938081710 1012
1938081714 1013
1938081716 1013
1938081718 1014
1938081722 1016
1938081802 1016
1938081806 1015
1938081810 1014
1938081814 1013
1938081816 1012
1938081818 1011
1938081822 1009
1938081902 1006
1938081906 1004
1938081910 1001
1938081914 1002
1938081916 1001
1938081918 1001
1938081922 1003
1938082002 1003
1938082006 1006
1938082010 1007
1938082014 1008
1938082016 1008
1938082018 1008
1938082022 1010
1938082102 1011
1938082106 1013
1938082110 1013
1938082114 1014
1938082116 1016
1938082118 1017
1938082122 1019
1938082202 1018
1938082206 1017
1938082210 1019
1938082214 1019
1938082216 1016
1938082218 1014
1938082222 1015
1938082302 1017
1938082306 1019
1938082310 1020
1938082314 1021
1938082316 1021
1938082318 1021
1938082322 1023
1938082402 1020
1938082406 1014
1938082410 1020
1938082414 1019
1938082416 1019
1938082418 1019
1938082422 1019
1938082502 1019
1938082506 1019
1938082510 1020
1938082514 1019
1938082516 1019
1938082518 1019
1938082522 1020
1938082602 1020
1938082606 1020
1938082610 1020
1938082614 1020
1938082616 1019
1938082618 1019
1938082622 1021
1938082702 1020
1938082706 1020
1938082710 1019
1938082714 1018
1938082716 1019
1938082718 1019
1938082722 1016
1938082802 1015
1938082806 1014
1938082810 1013
1938082814 1011
1938082816 1011
1938082818 1011
1938082822 1010
1938082902 1009
1938082906 1009
1938082910 1011
1938082914 1011
1938082916 1011
1938082918 1012
1938082922 1014
1938083002 1014
1938083006 1015
1938083010 1014
1938083014 1015
1938083016 1014
1938083018 1015
1938083022 1016

1938090102 1017
1938090106 1017
1938090110 1018
1938090114 1017
1938090116 1017
1938090118 1018
1938090122 1019

1938090302 1022
1938090306 1021
1938090310 1021
1938090314 1021
1938090316 1020
1938090318 1021
1938090322 1021
1938090402 1021
1938090406 1021
1938090410 1022
1938090414 1022
1938090416 1022
1938090418 1022
1938090422 1023

1938090902 1020
1938090906 1020
1938090910 1020
1938090914 1021
1938090916 1021
1938090918 1021
1938090922 1022
1938091002 1021
1938091006 1022
1938091010 1022
1938091014 1022
1938091016 1022
1938091018 1023
1938091022 1024
1938091102 1025
1938091106 1025
1938091110 1024
1938091114 1023
1938091116 1023
1938091118 1022
1938091122 1023
1938091202 1022
1938091206 1023
1938091210 1023
1938091214 1022
1938091216 1022
1938091218 1022
1938091222 1023
1938091302 1022
1938091306 1023
1938091310 1023
1938091314 1020
1938091316 1019
1938091318 1019
1938091322 1019

1938091502 1016
1938091506 1019
1938091510 1021
1938091514 1021
1938091516 1022
1938091518 1022
1938091522 1023
1938091602 1023
1938091606 1023
1938091610 1023
1938091614 1020
1938091616 1020
1938091618 1019
1938091622 1018
1938091702 1016
1938091706 1015
1938091710 1015
1938091714 1013
1938091716 1013
1938091718 1012
1938091722 1012
1938091802 1011
1938091806 1011
1938091810 1011
1938091814 1010
1938091816 1010
1938091818 1010
1938091822 1010
1938091902 1009
1938091906 1009
1938091910 1009
1938091914 1009
1938091916 1009
1938091918 1009
1938091922 1003
1938092002 1006
1938092006 1003
1938092010 1003
1938092014 1004
1938092016 1005
1938092018 1005
1938092022 1005
1938092102 1004
1938092106 1004
1938092110 1006
1938092114 1007
1938092116 1007
1938092118 1008
1938092122 1010
1938092202 1011
1938092206 1014
1938092210 1014
1938092214 1014
1938092216 1014
1938092218 1013
1938092222 1013
1938092302 1013
1938092306 1012
1938092310 1012
1938092314 1012
1938092316 1013
1938092318 1012
1938092322 1012
1938092402 1011
1938092406 1011
1938092410 1011
1938092414 1011
1938092416 1011
1938092418 1011
1938092422 1010
1938092502 1010
1938092506 1011
1938092510 1012
1938092514 1013
1938092516 1013
1938092518 1013
1938092522 1013
e
1938080101 1025
1938080105 1025
1938080109 1025
1938080113 1026
1938080117 1026
1938080119 1026
1938080121 1025
1938080201 1025
1938080205 1024
1938080209 1023
1938080213 1025
1938080217 1024
1938080219 1023
1938080221 1024
1938080301 1024
1938080305 1024
1938080309 1023
1938080313 1023
1938080317 1022
1938080319 1021
1938080321 1021
1938080401 1020
1938080405 1021
1938080409 1019
1938080413 1019
1938080417 1018
1938080419 1017
1938080421 1018
1938080501 1018
1938080505 1018
1938080509 1018
1938080513 1017
1938080517 1017
1938080519 1016
1938080521 1016
1938080601 1018
1938080605 1016
1938080609 1018
1938080613 1016
1938080617 1017
1938080619 1017
1938080621 1016
1938080701 1017
1938080705 1016
1938080709 1017
1938080713 1016
1938080717 1015
1938080719 1016
1938080721 1016
1938080801 1015
1938080805 1015
1938080809 1015
1938080813 1015
1938080817 1015
1938080819 1015
1938080821 1015
1938080901 1015
1938080905 1015
1938080909 1016
1938080913 1016
1938080917 1016
1938080919 1016
1938080921 1016
1938081001 1018
1938081005 1017
1938081009 1017
1938081013 1017
1938081017 1016
1938081019 1016
1938081021 1016
1938081101 1017
1938081105 1017
1938081109 1017
1938081113 1017
1938081117 1016
1938081119 1016
1938081121 1016
1938081201 1015
1938081205 1016
1938081209 1016
1938081213 1016
1938081217 1015
1938081219 1014
1938081221 1015
1938081301 1015
1938081305 1016
1938081309 1015
1938081313 1016
1938081317 1016
1938081319 1015
1938081321 1015
1938081401 1014
1938081405 1014
1938081409 1015
1938081413 1016
1938081417 1015
1938081419 1015
1938081421 1015
1938081501 1016
1938081505 1016
1938081509 1017
1938081513 1017
1938081517 1017
1938081519 1016
1938081521 1015
1938081601 1015
1938081605 1014
1938081609 1011
1938081613 1010
1938081617 1009
1938081619 1009
1938081621 1009
1938081701 1010
1938081705 1009
1938081709 1011
1938081713 1014
1938081717 1014
1938081719 1016
1938081721 1017
1938081801 1016
1938081805 1016
1938081809 1015
1938081813 1016
1938081817 1014
1938081819 1014
1938081821 1014
1938081901 1010
1938081905 1008
1938081909 1004
1938081913 1004
1938081917 1004
1938081919 1003
1938081921 1003
1938082001 1005
1938082005 1003
1938082009 1008
1938082013 1008
1938082017 1010
1938082019 1009
1938082021 1010
1938082101 1012
1938082105 1012
1938082109 1015
1938082113 1018
1938082117 1016
1938082119 1018
1938082121 1019
1938082205 1021
1938082209 1019
1938082213 1020
1938082217 1020
1938082219 1019
1938082221 1017
1938082301 1017
1938082305 1019
1938082309 1021
1938082313 1022
1938082317 1021
1938082319 1021
1938082321 1022
1938082401 1023
1938082405 1021
1938082409 1020
1938082413 1020
1938082417 1021
1938082419 1020
1938082421 1020
1938082501 1020
1938082505 1020
1938082509 1020
1938082513 1021
1938082517 1020
1938082519 1020
1938082521 1020
1938082601 1020
1938082605 1021
1938082609 1021
1938082613 1020
1938082617 1021
1938082619 1021
1938082621 1022
1938082701 1021
1938082705 1022
1938082709 1020
1938082713 1021
1938082717 1019
1938082719 1019
1938082721 1019
1938082801 1018
1938082805 1016
1938082809 1016
1938082813 1014
1938082817 1013
1938082819 1012
1938082821 1012
1938082901 1011
1938082905 1009
1938082909 1011
1938082913 1011
1938082917 1013
1938082919 1012
1938082921 1014
1938083001 1014
1938083005 1015
1938083009 1015
1938083013 1016
1938083017 1016
1938083019 1016
1938083021 1016
1938083101 1017
1938083105 1016
1938083109 1016
1938083113 1017
1938083117 1017
1938083119 1018
1938083121 1018

1938090101 1018
1938090105 1017
1938090109 1018
1938090113 1018
1938090117 1019
1938090119 1019
1938090121 1019
1938090201 1020
1938090205 1019
1938090209 1020
1938090213 1021
1938090217 1021
1938090219 1021
1938090221 1021
1938090301 1021
1938090305 1019
1938090309 1024
1938090313 1024
1938090317 1023
1938090319 1023
1938090321 1023
1938090401 1024
1938090405 1022
1938090409 1022
1938090413 1024
1938090417 1023
1938090419 1025
1938090421 1025
1938090501 1023
1938090505 1025
1938090509 1020
1938090513 1025
1938090517 1025
1938090519 1025
1938090521 1023
1938090601 1021
e
1938082605 1021
1938082609 1021
1938082613 1021
1938082617 1021
1938082619 1021
1938082621 1021
1938082701 1021
1938082705 1021
1938082709 1021
1938082713 1021
1938082717 1023
1938082719 1019
1938082721 1019
1938082801 1021
1938082805 1016
1938082809 1014
1938082813 1013
1938082817 1012
1938082819 1011
1938082821 1010
1938082901 1010
1938082905 1008
1938082909 1010
1938082913 1011
1938082917 1010
1938082919 1011
1938082921 1012
1938083001 1013
1938083005 1014
1938083009 1014
1938083013 1014
1938083017 1014
1938083019 1014
1938083021 1014
1938083101 1014
1938083105 1014
1938083109 1015
1938083113 1016
1938083117 1013
1938083119 1015
1938083121 1014

1938090101 1015
1938090105 1016
1938090109 1016
1938090113 1016
1938090117 1018
1938090119 1017
1938090121 1017
1938090201 1018
1938090205 1018
1938090209 1017
1938090213 1019
1938090217 1019
1938090219 1018
1938090221 1019
1938090301 1021
1938090305 1021
1938090309 1022
1938090313 1022
1938090317 1021
1938090319 1021
1938090321 1021
1938090401 1021
1938090405 1021
1938090409 1021
1938090413 1022
1938090417 1022
1938090419 1022
1938090421 1022
1938090501 1023
1938090505 1023
1938090509 1024
1938090513 1023
1938090517 1023
1938090519 1022
1938090521 1022
1938090601 1021
1938090605 1020
1938090609 1020
1938090613 1017
1938090617 1012
1938090619 1011
1938090621 1011
1938090701 1010
1938090705 1009
1938090709 1009
1938090713 1008
1938090717 1009
1938090719 1008
1938090721 1009
1938090801 1011
1938090805 1012
1938090809 1014
1938090813 1016
1938090817 1017
1938090819 1018
1938090821 1019
1938090901 1020
1938090905 1020
1938090909 1020
1938090913 1021
1938090917 1020
1938090919 1020
1938090921 1020
1938091001 1021
1938091005 1021
1938091009 1020
1938091013 1022
1938091017 1021
1938091019 1021
1938091021 1022
1938091101 1023
1938091105 1023
1938091109 1023
1938091113 1023
1938091117 1024
1938091119 1022
1938091121 1021
1938091201 1021
1938091205 1021
1938091209 1022
1938091213 1022
1938091217 1022
1938091219 1021
1938091221 1021
1938091301 1022
1938091305 1022
1938091309 1022
1938091313 1022
1938091317 1020
1938091319 1019
1938091321 1018
1938091401 1019
1938091405 1017
1938091409 1016
1938091413 1016
1938091417 1014
1938091419 1013
1938091421 1013
1938091501 1014
1938091505 1015
1938091509 1018
1938091513 1020
1938091517 1021
1938091519 1021
1938091521 1021
1938091601 1023
1938091605 1023
1938091609 1022
1938091613 1022
1938091617 1020
1938091619 1020
1938091621 1020
1938091701 1020
1938091705 1018
1938091709 1014
1938091713 1014
1938091717 1013
1938091719 1013
1938091721 1012
1938091801 1012
1938091805 1011
1938091809 1011
1938091813 1010
1938091817 1011
1938091819 1011
1938091821 1009
1938091901 1010
1938091905 1008
1938091909 1007
1938091913 1008
1938091917 1008
1938091919 1008
1938091921 1008
1938092001 1008
1938092005 1004
1938092009 1002
1938092013 1002
1938092017 1003
1938092019 1003
1938092021 1004
1938092101 1004
1938092105 1004
1938092109 1004
1938092113 1004
1938092117 1005
1938092119 1006
1938092121 1007
1938092201 1009
1938092205 1010
1938092209 1013
1938092213 1013
1938092217 1013
1938092219 1012
1938092221 1012
1938092301 1011
1938092305 1011
1938092309 1011
1938092313 1011
1938092317 1011
1938092319 1011
1938092321 1011
1938092401 1011
1938092405 1009
1938092409 1010
1938092413 1010
1938092417 1010
1938092419 1014
1938092421 1014
1938092501 1013
1938092505 1013
1938092509 1013
1938092513 1014
1938092517 1012
1938092519 1014
1938092521 1014
1938092601 1015
1938092605 1014
1938092609 1014
1938092613 1014
1938092617 1014
1938092619 1015
1938092621 1014
1938092701 1015
1938092705 1014
1938092709 1015
1938092713 1016
1938092717 1015
1938092719 1015
1938092721 1014
1938092801 1014
1938092805 1015
1938092809 1014
1938092813 1014
1938092821 1012
1938092901 1010
1938092905 1009
1938092909 1010
1938092917 1013
1938092919 1013
1938092921 1014
1938093001 1014
1938093005 1014
1938093009 1013
1938093013 1013
1938093017 1013
1938093019 1013
1938093021 1014
e
1938092702 1010
1938092705 1010
1938092709 1009
1938092713 1009
1938092717 1008
1938092719 1009
1938092721 1008
1938092801 1009

1938092905 1004
1938092909 1004
1938092913 1005
1938092917 1006
1938092919 1006
1938092921 1008
1938093001 1008
1938093005 1008
1938093009 1008
1938093013 1008
1938093017 1008
1938093019 1008
1938093021 1008
e
1938080103 1026
1938080107 1027
1938080111 1027
1938080115 1027
1938080117 1027
1938080119 1027
1938080123 1027
1938080203 1027
1938080207 1027
1938080211 1026
1938080215 1025
1938080217 1025
1938080219 1025
1938080223 1025
1938080303 1025
1938080307 1025
1938080311 1024
1938080315 1024
1938080317 1023
1938080319 1022
1938080323 1022
1938080403 1012
1938080407 1021
1938080411 1020
1938080415 1019
1938080417 1019
1938080419 1019
1938080423 1019
1938080503 1019
1938080507 1019
1938080511 1019
1938080515 1020
1938080517 1019
1938080519 1018
1938080523 1019
1938080607 1019
1938080611 1021
1938080617 1017
1938080619 1018
1938080623 1018
1938080703 1016
1938080707 1018
1938080711 1017
1938080715 1017
1938080717 1017
1938080719 1017
1938080723 1017
1938080803 1017
1938080807 1016
1938080811 1016
1938080815 1015
1938080817 1015
1938080819 1016
1938080823 1017
1938080907 1017
1938080911 1017
1938080915 1017
1938080917 1017
1938080919 1017
1938080923 1018
1938081003 1018
1938081007 1018
1938081011 1018
1938081015 1017
1938081017 1017
1938081019 1017
1938081023 1017
1938081103 1017
1938081107 1017
1938081111 1018
1938081115 1016
1938081117 1016
1938081119 1016
1938081123 1017
1938081203 1017
1938081207 1017
1938081211 1017
1938081215 1015
1938081217 1015
1938081219 1015
1938081223 1016
1938081303 1016
1938081307 1017
1938081311 1016
1938081315 1015
1938081317 1016
1938081319 1015
1938081323 1016
1938081403 1016
1938081407 1017
1938081411 1017
1938081415 1016
1938081417 1016
1938081419 1017
1938081423 1017
1938081503 1017
1938081507 1018
1938081511 1019
1938081515 1018
1938081517 1017
1938081519 1017
1938081523 1016

1938081703 1013
1938081707 1016
1938081711 1018
1938081715 1020
1938081717 1021
1938081719 1022
1938081723 1023

1938081903 1012
1938081907 1009
1938081911 1007
1938081915 1016
1938081917 1006
1938081919 1007
1938081923 1009
1938082003 1008
1938082007 1010
1938082011 1012
1938082015 1012
1938082017 1012
1938082019 1013
1938082103 1016
1938082107 1018
1938082111 1020
1938082115 1021
1938082117 1021
1938082119 1022
1938082123 1024
1938082203 1024
1938082207 1024
1938082211 1024
1938082215 1024
1938082217 1025
1938082219 1020
1938082223 1021

1938082603 1024
1938082607 1025
1938082611 1024
1938082615 1024
1938082617 1024
1938082619 1025
1938082623 1025
1938082703 1025
1938082707 1025
1938082711 1024
1938082715 1022
1938082717 1022
1938082719 1022
1938082723 1021
1938082803 1020
1938082807 1019
1938082811 1017
1938082815 1016
1938082817 1016
1938082819 1015
1938082823 1015
1938082903 1014
1938082907 1015
1938082911 1015
1938082915 1015
1938082917 1016
1938082919 1016
1938082923 1018
1938083003 1018
1938083007 1019
1938083011 1020
1938083015 1019
1938083017 1019
1938083019 1019
1938083023 1020
1938083103 1020
1938083107 1020
1938083111 1020
1938083115 1020
1938083117 1020
1938083119 1021
1938083123 1021

1938090103 1021
1938090107 1021
1938090111 1022
1938090115 1022
1938090117 1022
1938090119 1022
1938090123 1027
1938090203 1022
1938090207 1024
1938090211 1024
1938090215 1024
1938090217 1024
1938090219 1025
1938090223 1026
1938090303 1027
1938090307 1027
1938090311 1028
1938090315 1027
1938090317 1026
1938090319 1027
1938090323 1027
1938090403 1027
1938090407 1027
1938090411 1028
1938090415 1028
1938090417 1027
1938090419 1028
1938090423 1029
1938090503 1029
1938090507 1029
1938090511 1029
1938090515 1028
1938090517 1027
1938090519 1027
1938090523 1027
1938090603 1026
1938090607 1025
1938090611 1021
1938090615 1019
1938090617 1018
1938090619 1017
1938090623 1017
1938090703 1016
1938090707 1015
1938090711 1014
1938090715 1015
1938090717 1015
1938090719 1015
1938090723 1016
1938090803 1019
1938090807 1021
1938090811 1022
1938090815 1024
1938090817 1024
1938090819 1026
1938090823 1027
1938090903 1027
1938090907 1027
1938090911 1027
1938090915 1026
1938090917 1027
1938090919 1027
1938090923 1028
1938091003 1027
1938091011 1028
1938091015 1028
1938091017 1028
1938091019 1028
1938091103 1030
1938091107 1031
1938091111 1030
1938091115 1028
1938091117 1028
1938091119 1028
1938091123 1028

1938091502 1022
1938091507 1025
1938091511 1021
1938091515 1020
1938091517 1027
1938091519 1023
1938091523 1029
1938091603 1029
1938091607 1029
1938091611 1029
1938091615 1026
1938091617 1025
1938091619 1024
1938091623 1025
1938091703 1022
1938091707 1020
1938091715 1018
1938091717 1018
1938091723 1017
1938091803 1016
1938091807 1016
1938091811 1016
1938091815 1016
1938091817 1015
1938091819 1015
1938091823 1015
1938091903 1014
1938091907 1013
1938091911 1014
1938091915 1013
1938091917 1014
1938091919 1013
1938091923 1013
1938092003 1010
1938092007 1008
1938092011 1008
1938092015 1009
1938092017 1009
1938092023 1009
1938092103 1009
1938092107 1009
1938092111 1010
1938092115 1011
1938092117 1012
1938092123 1015
1938092203 1017
1938092207 1018
1938092211 1019
1938092215 1018
1938092217 1018
1938092219 1018
1938092223 1017
1938092303 1011
1938092307 1017
1938092311 1017
1938092315 1010
1938092317 1016
1938092403 1015
1938092407 1015
1938092411 1017
1938092415 1015
1938092417 1015
1938092419 1015
1938092423 1015
1938092503 1014
1938092507 1015
1938092519 1018
1938092523 1018
1938092603 1018
1938092607 1018
1938092611 1018
1938092615 1017
1938092617 1017
1938092619 1018
1938092623 1014

1938092803 1018
1938092807 1018
1938092811 1019
1938092815 1010
1938092817 1016
1938092819 1016
1938092823 1014
1938092903 1013
1938092907 1018
1938092911 1016
1938092915 1017
1938092917 1018
1938092919 1018
1938092923 1019
1938093003 1018
1938093007 1018
1938093011 1018
1938093015 1017
1938093017 1017
1938093019 1019
1938093023 1019
e
1938080109 1024.0
1938080112 1023.8
1938080115 1023.7
1938080118 1023.7
1938080203 1022.9
1938080209 1023.2
1938080212 1022.6
1938080215 1021.7
1938080218 1021.5
1938080303 1021.6
1938080309 1021.6
1938080312 1019.8
1938080315 1019.3
1938080318 1019.1
1938080403 1018.0
1938080409 1017.6
1938080412 1016.0
1938080415 1016.2
1938080418 1015.6
1938080503 1016.2
1938080509 1015.9
1938080512 1015.9
1938080515 1015.4
1938080518 1015.2
1938080603 1014.9
1938080609 1016.0
1938080612 1015.8
1938080615 1015.6
1938080618 1014.8
1938080703 1014.2
1938080709 1014.6
1938080712 1014.0
1938080715 1014.5
1938080718 1014.3
1938080803 1013.2
1938080809 1013.2
1938080812 1013.4
1938080815 1013.3
1938080818 1013.1
1938080903 1013.8
1938080909 1014.5
1938080912 1014.3
1938080915 1014.2
1938080918 1014.4
1938081003 1015.3
1938081009 1015.3
1938081012 1015.1
1938081015 1014.5
1938081018 1014.5
1938081103 1014.8
1938081109 1015.2
1938081112 1014.8
1938081115 1014.2
1938081118 1014.2
1938081203 1014.3
1938081209 1014.7
1938081212 1014.1
1938081215 1013.9
1938081218 1013.7
1938081303 1014.1
1938081309 1014.5
1938081312 1014.3
1938081315 1013.7
1938081318 1013.5
1938081403 1013.7
1938081409 1014.9
1938081412 1014.7
1938081415 1014.3
1938081418 1014.5
1938081503 1015.0
1938081509 1015.9
1938081512 1015.7
1938081515 1015.2
1938081518 1014.8
1938081603 1012.2
1938081609 1010.6
1938081612 1009.6
1938081615 1008.5
1938081618 1008.5
1938081703 1008.9
1938081709 1012.0
1938081712 1013.8
1938081715 1014.5
1938081718 1015.3
1938081803 1016.7
1938081809 1015.9
1938081812 1015.3
1938081815 1014.6
1938081818 1013.2
1938081903 1007.1
1938081909 1003.9
1938081912 1002.7
1938081915 1002.4
1938081918 1002.8
1938082003 1005.1
1938082009 1007.3
1938082012 1008.3
1938082015 1008.9
1938082018 1008.9
1938082103 1012.5
1938082109 1015.4
1938082112 1016.0
1938082115 1016.5
1938082118 1017.3
1938082203 1019.5
1938082209 1019.9
1938082212 1019.7
1938082215 1019.3
1938082218 1016.3
1938082303 1018.1
1938082309 1020.9
1938082312 1021.7
1938082315 1021.6
1938082318 1021.0
1938082403 1019.4
1938082409 1020.2
1938082412 1020.0
1938082415 1019.9
1938082418 1019.7
1938082503 1019.7
1938082509 1020.3
1938082512 1020.1
1938082515 1020.2
1938082518 1020.0
1938082603 1020.4
1938082609 1021.3
1938082612 1020.7
1938082615 1020.3
1938082618 1020.5
1938082703 1020.7
1938082709 1020.8
1938082712 1019.8
1938082715 1018.4
1938082718 1018.2
1938082803 1016.1
1938082809 1014.7
1938082812 1013.7
1938082815 1012.8
1938082818 1012.2
1938082903 1010.2
1938082909 1011.9
1938082912 1012.3
1938082915 1012.2
1938082918 1012.4
1938083003 1014.9
1938083009 1016.1
1938083012 1016.1
1938083015 1016.0
1938083018 1015.8
1938083103 1016.1
1938083109 1016.6
1938083112 1016.4
1938083115 1016.6
1938083118 1016.4
1938090103 1017.6
1938090109 1018.0
1938090112 1018.2
1938090115 1018.4
1938090118 1018.2
1938090203 1018.9
1938090209 1020.5
1938090212 1020.3
1938090215 1020.1
1938090218 1020.5
1938090303 1022.7
1938090309 1023.3
1938090312 1022.9
1938090315 1022.3
1938090318 1022.1
1938090403 1022.1
1938090409 1023.6
1938090412 1023.6
1938090415 1023.2
1938090418 1023.6
1938090503 1024.4
1938090509 1025.2
1938090512 1023.8
1938090515 1023.1
1938090518 1022.7
1938090603 1019.9
1938090609 1017.7
1938090612 1015.5
1938090615 1014.0
1938090618 1013.0
1938090703 1011.1
1938090709 1010.6
1938090712 1010.2
1938090715 1010.3
1938090718 1010.5
1938090803 1014.1
1938090809 1017.7
1938090812 1018.5
1938090815 1019.5
1938090818 1020.3
1938090903 1022.1
1938090909 1022.4
1938090912 1022.2
1938090915 1021.9
1938090918 1021.9
1938091003 1022.9
1938091009 1023.6
1938091012 1023.2
1938091015 1022.9
1938091018 1022.9
1938091103 1024.5
1938091109 1025.8
1938091112 1024.8
1938091115 1023.9
1938091118 1023.3
1938091203 1022.8
1938091209 1023.8
1938091212 1023.6
1938091215 1023.2
1938091218 1023.2
1938091303 1023.7
1938091309 1023.8
1938091312 1022.8
1938091315 1020.8
1938091318 1020.2
1938091403 1018.3
1938091409 1017.2
1938091412 1016.2
1938091415 1015.4
1938091418 1014.8
1938091503 1018.4
1938091509 1022.1
1938091512 1022.1
1938091515 1022.0
1938091518 1022.6
1938091603 1024.5
1938091609 1024.4
1938091612 1022.6
1938091615 1022.0
1938091618 1020.6
1938091703 1016.9
1938091709 1016.2
1938091712 1015.4
1938091715 1014.5
1938091718 1013.9
1938091803 1012.5
1938091809 1012.9
1938091812 1012.5
1938091815 1012.1
1938091818 1011.7
1938091903 1009.8
1938091909 1010.3
1938091912 1010.1
1938091915 1010.1
1938091918 1010.3
1938092003 1005.2
1938092009 1003.9
1938092012 1004.5
1938092015 1005.4
1938092018 1006.0
1938092103 1005.3
1938092109 1006.2
1938092112 1007.0
1938092115 1007.3
1938092118 1008.5
1938092203 1012.9
1938092209 1015.1
1938092212 1014.9
1938092215 1014.6
1938092218 1014.0
1938092303 1013.1
1938092309 1013.0
1938092312 1013.2
1938092315 1013.1
1938092318 1012.9
1938092403 1011.8
1938092409 1012.0
1938092412 1012.2
1938092415 1012.0
1938092418 1012.2
1938092503 1010.2
1938092509 1012.3
1938092512 1013.1
1938092515 1013.6
1938092518 1014.0
1938092603 1013.9
1938092609 1014.2
1938092612 1013.8
1938092615 1013.6
1938092618 1013.8
1938092703 1014.5
1938092709 1015.9
1938092712 1015.5
1938092715 1015.0
1938092718 1014.8
1938092803 1014.6
1938092809 1014.4
1938092812 1013.6
1938092815 1012.8
1938092818 1012.2
1938092903 1009.6
1938092909 1012.1
1938092912 1013.1
1938092915 1013.4
1938092918 1014.0
1938093003 1013.6
1938093009 1014.1
1938093012 1013.5
1938093015 1013.3
1938093018 1013.9
1938100103 1015.0
e
!epstopdf portsmouth_ts_193808-09.eps
