           ABINGDON  100849 100850 100851 100852 100853 100854 100855 100856 100857 100858 100859 107273 107274 107275 107276 107277 107278 107279 107280 107281 107282 107283 107284 107285 
           ACHILLES  107322 107323 116801 116802 116803 118755 118756 118757 118758 120780 120781 120782 120783 
           ACTIVITY  120489 120784 120785 120786 120787 120788 120790 120791 120792 120793 120794 120795 
           ALAUNIA   113537 113538 113539 113540 113541 113542 113543 113544 113545 113546 113547 113548 115268 115269 115270 115271 115272 115273 115274 115275 115276 115277 115278 115279 116857 116858 116859 116860 116861 116862 116863 116864 116865 116866 116867 116868 118799 118800 118801 118802 118803 120815 120816 120817 120818 120819 122578 122579 122580 122581 122582 122583 122584 122585 122586 122587 
           ALBATROSS 100998 100999 107365 107366 107367 107368 107369 113549 113550 113551 113552 113553 113554 113555 113556 113557 113558 113559 113560 115280 115281 115282 115283 115284 115285 115286 115287 115288 115289 115290 115291 116869 116870 116871 116872 116873 116874 116875 116876 116877 116878 
           ALCANTARA 113561 113562 113563 113564 113565 113566 113567 113568 113569 113570 113571 113572 115292 115293 115294 115295 115296 115297 115298 115299 116879 116880 116881 116882 116883 116884 116885 
           AMEER     118804 118805 118806 118807 118808 118809 118810 118811 118812 118813 118814 118815 120821 120822 120823 120824 120825 120826 120827 120828 120829 120830 120831 
           AMPHION   101108 101109 101110 101111 101112 101113 101114 101115 101116 101117 101118 101119 122593 
           ANSON      16900 115321 115322 115323 115324 115325 115326 115327 116896 116897 116898 116899 116900 116901 116902 116903 116904 116905 116906 116907 118816 118817 118818 118819 118820 118821 118822 118823 118824 118825 118826 118827 120832 120833 120834 120835 120836 120837 120838 120839 120840 120841 120842 120843 122588 122589 122590 122591 122592 122594 122595 122596 122597 122598 122599 123707 123708 123709 123710 123711 123712 123713 123714 123715 123716 123717 123718 
           ANTENOR   107448 113590 113591 113592 
           ARAWA     107474 113593 113594 113595 113596 113597 113598 113599 
           ARBITER   118839 118840 118841 118842 118843 118844 118845 118846 118847 118848 120849 120850 120851 120852 120853 120854 120855 120856 120857 120858 120859 120860 122600 122601 
           ARCHER    113600 115334 115335 115336 115337 115338 115339 115340 115341 116917 116918 116919 116920 116921 116922 116923 116924 116925 116926 116927 116928 116929 118849 118850 118851 118852 118853 118854 118855 118856 118857 118858 118859 118860 120861 120862 120863 
           ARETHUSA  113601 113602 113603 113604 113605 113606 113607 113608 113609 113610 113611 113612 115342 115343 115344 115345 115346 115347 115348 115349 115350 115351 115352 116930 116931 116932 116933 116934 116935 116936 116937 118861 118862 118863 118864 118865 118866 118867 118868 118869 118870 118871 118872 
           ARGONAUT  115353 115354 115355 115356 115357 116938 116939 116940 116941 116942 116943 116944 116945 116946 116947 116948 116949 118847 118873 118874 118875 118876 118878 118879 118880 120865 120866 120867 120868 120869 120870 120871 
           ARK_ROYAL 101248 101249 113625 113626 113627 113628 113629 113630 113631 113632 113633 
           ASCANIA   113634 113635 113636 113637 113638 113639 113640 113641 113642 113643 113644 
           ASTURIAS  113646 113647 113648 113649 113650 113651 113652 113653 113654 113655 113656 113657 115374 115375 115376 115377 115378 115379 115380 115381 115382 115383 115384 115385 116962 116963 116964 116965 116966 116967 116968 116969 116970 116971 116972 116973 118900 118901 118902 118903 118904 
           ATHELING  118905 118906 118907 118908 118909 118910 118911 118912 120900 120901 120902 120903 120904 120905 120906 120907 120908 120909 120910 120911 122619 122621 122622 122623 122624 122625 122626 122627 122629 
           ATHENE    115387 115388 115389 115390 115391 115392 115393 115394 115395 116974 116975 116976 116977 116978 116979 116980 116981 116982 116983 116984 116985 118913 118914 118915 118916 118917 118918 118919 118920 118921 118922 118923 118924 
           ATTACKER  118925 118926 118927 118928 118929 118930 118931 118932 118933 118934 118935 118936 120912 120913 120914 120915 120916 120917 120918 120919 120920 120921 120922 
           AUCKLAND  101266 101267 107554 107555 107556 107557 107558 107559 107560 107561 107562 107563 107564 107565 
           AURANIA   113658 113659 113660 113661 113662 113663 113664 113665 113666 113667 113668 113669 115396 115397 115398 
           AURORA    115399 115400 115401 115402 115403 115404 115405 115406 115407 115408 115409 115410 
           AUSONIA   113682 113683 113684 113685 113686 113687 113688 113689 113690 113691 113692 113693 115411 115412 115413 115414 120923 120924 120925 120926 120927 120928 120929 120930 120931 120932 120933 120934 122632 122633 122634 122635 122636 122637 
           BARHAM    113698 113699 113700 113701 113702 
           BATTLER   115415 115416 116997 116998 116999 117000 117001 117002 117003 117004 117005 117006 117007 117008 118946 118947 118948 118949 118950 118951 118952 118953 118954 118955 118956 118957 120937 120938 120939 120940 120941 120942 120943 120944 120945 120946 120947 
           BEGUM     118958 118959 118960 118961 118962 120949 120950 120951 120952 120953 120954 120955 120956 120957 
           BELFAST   120958 120959 120960 120961 120962 120963 120964 120965 120966 122644 122645 122646 122647 122648 122649 122650 122651 122652 122653 122654 122655 123719 123720 123721 123722 123723 123724 123725 123726 123727 123728 
           BERMUDA   117024 117025 117026 117027 117028 117029 117030 117031 117032 117033 120979 120980 120981 120982 120983 120984 120985 120986 122665 122666 122667 122668 122669 122670 122671 122672 122673 122674 122675 122676 123729 123730 123731 123732 123733 123734 123735 
           BERWICK   101432 101433 101434 120993 121001 122677 122678 122679 122680 122681 122682 122683 123736 123737 123738 
           BIDEFORD         101447 101448 101449 101450 101451 101452 101453 101454 101455 101456 101457 107749 107750 107751 107752 107753 107754 107755 107756 107757 107758 107759 
           BIRMINGHA        101461 101462 101463 101464 101465 101466 101467 101468 101469 101470 101471 101472 107760 107761 107762 107763 107764 107765 107766 107767 107768 107769 107770 107771 113709 113710 113711 113712 113713 113714 113715 113716 113717 113718 113719 115429 115430 115431 115432 115433 115434 115435 115436 115437 115438 115439 115440 117047 117048 117049 117050 117051 117052 117053 117054 117055 117056 117057 117058 119005 119006 119007 119008 119009 119010 119011 119012 119013 119014 119015 119016 
           BITER     115441 115442 115443 115444 115445 115446 115447 115448 117059 117060 117061 117062 117063 119017 119018 119019 119020 119021 119022 119023 
           BLACK_PRI 119024 119025 119026 119027 119028 119029 121015 121016 121017 121018 121019 121020 121021 121022 121023 121024 122696 122697 122698 122699 122700 
           BOREAS    101544 101545 101546 101547 101548 101549 101550 101551 101552 101553 101554 101555 113722 113723 
           BRIDGEWAT 101616 101617 101618 101619 101620 101621 101622 101623 101624 101625 101626 101627 107844 107845 107846 107847 107848 107849 107850 107851 107852 107853 107854 107855 107856 
           BRILLIANT 101652 101653 101654 101655 101656 101657 101658 101659 101660 101661 101662 101663 
           BULOLO    107916 107917 113738 113739 113740 113741 113742 113743 113744 113745 113746 113747 113748 113749 115459 115460 115461 115462 115463 115464 115465 115466 115467 117091 117092 117093 117094 117095 117096 117097 117098 117099 117100 117101 117102 119052 119053 119054 119055 119056 119057 121050 121051 121052 121053 121054 121055 121056 121057 121058 
           CALEDON   113767 113768 113769 113770 113771 113772 113773 113774 113775 113776 113777 113778 115472 115473 115474 115475 115476 115477 115478 115479 119058 119059 119060 119061 119062 119063 119064 119065 119066 119067 119068 119069 121059 121060 121061 121062 
           CALIFORNI 113779 113780 113781 113782 113783 113784 113785 113786 113787 113788 113789 113790 115480 
           CANTON    113791 113792 113793 113794 113795 113796 113797 113798 113799 113800 113801 113802 115481 115482 115483 115484 115485 115486 115487 115488 115489 115490 115491 115492 115493 117104 117105 117106 117107 117108 117110 117111 117112 117113 117114 117115 119081 119082 119083 119084 
           CAPETOWN  101756 101757 101758 101759 101760 101761 101762 113803 113804 113805 113806 113807 113808 113810 113811 113812 113813 113814 117109 117116 117117 117118 117119 117120 
           CARADOC   101763 101764 113815 113816 113817 113818 113819 113820 113821 113822 115503 115504 115505 115506 115507 115508 115509 115510 115511 117121 117122 117123 117124 117125 117126 117127 117128 117129 117130 117131 117132 119085 119086 119087 119088 119089 
           CARLISLE  113829 113830 113831 113832 113833 113834 113835 119102 119103 119104 119105 119106 119107 
           CARNARVON 107967 107968 107969 107970 113836 113837 113838 113839 113840 113841 113842 113843 113844 113845 115531 115532 115533 115534 115535 115536 115537 115538 115539 115540 115541 115542 117156 117157 117158 117159 117160 117161 117162 117163 117164 117165 117166 117167 
           CARTHAGE  113848 113849 113850 113851 113852 113853 113854 113855 113856 113857 113858 113859 115544 115545 115546 115547 115548 115549 115550 115551 115552 115553 117168 117169 117170 117171 117172 
           CATHAY    113860 113861 113862 113863 113864 113865 113866 113867 113868 113869 113870 115554 
           CERES     101821 101822 113882 113883 113884 113885 113886 113887 113888 113889 113890 113891 113892 113893 115559 115560 115561 115562 115563 115564 115565 115566 115567 117173 117174 117175 117176 117177 117178 117179 117180 117181 117182 
           CEYLON    117183 117184 117185 117186 117187 117188 119110 119111 119112 119113 119114 119115 119116 119117 119118 119119 119120 119121 121085 121086 121087 121088 121089 121090 121091 
           CHALLENGE 101835 101836 101837 101838 101839 101840 101841 101842 101843 101844 101845 101846 107994 107995 107996 107997 107998 107999 108000 108001 108002 108003 108004 108005 115568 115569 117189 117190 117191 117192 117193 117194 
           CHASER    117203 117204 117205 119123 119124 119125 119126 119127 119128 119129 119130 119131 119132 119133 119134 121092 121093 121094 121095 121096 121097 121098 121099 121100 121101 121102 121103 122734 122735 122736 122737 122738 
           CHESHIRE  113896 113897 113898 113899 113900 113901 113902 113903 115582 115583 115584 115585 115586 115587 115588 115589 115590 115591 115592 117206 117207 117208 117209 117210 
           CHITRAL   115593 115594 115595 115596 115597 115598 115599 115600 115601 115602 115603 115604 117211 117212 117213 117214 117215 117216 117217 117218 117219 117220 117221 117222 119135 
           CLEOPATRA 121104 121105 121106 121107 121108 121109 121110 121111 121112 121113 121114 121115 122729 122740 122741 122742 122743 122744 122745 122746 122747 122748 122749 122750 123771 123772 123773 123774 123775 123776 123777 123778 123779 123780 123781 123782 
           CLYDE      15051  15052  15053  15054  15055  15056  15057  15058  15059  15060  15061  15062  16705  16706  16707  16708  16709  16710  16711  16712  17179  17180  17181  17182  17183  17184  17185  17186  17187  17188  17189  17190  17737  17738  17739  17740  17741  17742  17743  17744  17745  17746  17747  18458  18459  18460  18461  18462  18463  18464  18465  18466  18467  18468  19480  19481  19482  19483  19484  19485  19486  19487 
           COLOMBO   101962 101963 101964 101965 101966 101967 101968 101969 101970 101971 101972 101973 113953 113954 113955 113956 113957 113958 113959 113960 113961 113962 113963 113964 115644 115645 115646 115647 115648 119153 119154 119155 119156 119157 119158 119159 119160 119161 119162 119163 119164 121123 121124 121125 121126 121127 121128 121129 121130 121131 121132 121133 121134 
           COLOSSUS  121135 121136 121137 121138 121139 121140 121141 121142 121143 121144 121145 121146 122766 122767 122768 122769 122770 122771 122772 122773 
           CORFU     113966 113967 113968 113969 113970 113971 113972 115649 115650 115651 115652 115653 115654 115655 115656 117267 117268 117269 117270 119166 119167 
           CORNWALL  101994 101995 101996 101997 101998 101999 102000 102001 102002 102003 102004 102005 108090 108091 108092 108093 108094 108095 108096 108097 108098 108099 108100 108101 113977 113978 113979 113980 113981 113982 113983 113984 113985 113986 113987 113988 115669 
           COVENTRY  102049 102050 102051 102052 102053 102054 102055 102056 102057 102058 102059 102060 
           CUMBERLAN 102122 102123 102124 102125 102126 102127 102128 102129 102130 102131 102132 102133 108152 108153 108154 108155 108156 108157 108158 108159 108160 108161 108162 108163 113989 113990 113991 113992 113993 113994 113995 113996 113997 113998 113999 114000 115681 115682 115683 115684 115685 115686 115687 115688 115689 115690 115691 115692 119168 119169 119170 119171 119172 119173 119174 119175 119176 119177 119178 119179 121147 121148 121149 121150 121151 121152 121153 121154 121155 121156 121157 121158 122775 122776 122777 122778 122779 122780 122781 
           DAINTY    102216 102217 102218 102219 102220 102221 102222 102223 102224 102225 102226 102227 108186 108187 108188 108189 108190 108191 108192 108193 108194 108195 108196 108197 
           DANAE     102059 102240 102241 102242 108198 108199 108200 108201 108202 114025 114026 114027 114028 114029 114030 114031 114032 114033 115714 115715 115716 115717 115718 115719 115720 117303 117304 117305 117306 117307 117308 117309 119192 119193 119194 119195 119196 119197 119198 119199 119200 
           DARING    102255 102256 102257 102258 102259 102260 102261 102262 102263 102264 102265 102266 108203 108204 108205 108206 108207 108208 108209 108210 108211 108212 
           DAUNTLESS        108213 108214 108215 108216 108217 108218 114034 114035 114036 114037 114038 114039 114040 114041 114042 115727 115728 115729 115730 115731 115732 115733 115734 115735 115736 117311 117312 117313 117314 117315 117316 117317 117318 117319 117320 
           DECOY     102285 102286 102287 102288 102289 102290 102291 102292 102293 102294 102295 102296 108219 108220 108221 108222 108223 108224 108225 108226 108227 108228 108229 108230 
           DEFENDER  102309 102310 102311 102312 102313 102314 102315 102316 102317 102318 102319 102320 108231 108232 108233 108234 108235 108236 108237 108238 108239 108240 108241 108242 
           DELHI     102357 114055 114056 114057 114058 114059 115749 115750 115751 115752 115753 115754 115755 115756 115757 115758 115759 115760 117333 117334 117335 117336 117337 117338 117339 117340 117341 117342 117343 117344 
           DELIGHT   102370 102371 102372 102373 102374 102375 102376 102377 102378 102379 102380 102381 108259 108260 108261 108262 108263 108264 108265 108266 108267 108268 108269 108270 
           DEPTFORD  102394 102395 102396 102397 102398 102399 102400 102401 102402 102403 102404 102405 108271 108272 108273 108274 108275 108276 108277 108278 108279 108280 108281 108282 
           DERBYSHIR 114062 114063 114064 114065 114066 114067 114068 114069 114070 
           DEVONSHIR 114094 114095 114096 114097 114098 114099 114100 114101 114102 114103 114104 114105 115777 115778 115779 115780 115781 115782 115783 115784 115785 115786 115787 115788 117365 117366 117367 117368 117369 
           DIAMOND   102459 102460 102461 102462 102463 102464 102465 102466 102467 102468 102469 102470 108305 108306 108307 108308 108309 108310 108311 108312 108313 108314 
           DIANA     102483 102484 102485 102486 102487 102488 102489 102490 102491 102492 102493 102494 108315 108316 108317 108318 108319 108320 108321 108322 108323 108324 108325 
           DIDO      115789 115790 115791 115792 115793 115794 115795 115796 115797 115798 115799 115800 
           DIOMEDE   102501 102502 102503 114117 114118 114119 114120 114121 114122 114123 114124 114125 114126 114127 114128 115801 115802 115803 115804 115805 115806 115807 115808 115809 115810 115811 115812 
           DISPATCH_ 102421 102422 108288 108289 108290 108291 108292 114071 114072 114073 114074 114075 114076 114077 114078 114079 114080 114081 115761 115762 115763 115764 115765 115766 115767 115768 117347 117348 117349 117350 117351 117352 117353 119240 119241 119242 119243 119244 
           DORSETSHI 102540 102541 102542 102543 102544 102545 102546 102547 102548 102549 102550 102551 108339 108340 108341 108342 108343 108344 108345 108346 108347 108348 108349 108350 114129 114130 114131 114132 114133 114134 114135 114136 114137 114138 114139 114140 115814 115815 115816 
           DRAGON    102583 114141 114142 114143 114144 114145 114146 114147 114148 114149 114150 115817 115818 115819 115820 115821 115822 115823 115824 115825 
           DUCHESS   102601 102602 102603 102604 102605 102606 102607 102608 102609 102610 102611 102612 108375 108376 108377 108378 108379 108380 108381 108382 108383 108384 
           DUKE_OF_Y 114151 114152 114153 114154 114155 115826 115827 115828 115829 115830 115831 115832 115833 115834 115835 115836 115837 117394 117395 117396 117397 117398 117399 117400 117401 117402 117403 117404 117405 119289 119290 119291 119292 119293 119294 119295 119296 119297 119298 119299 119300 121272 121273 121274 121275 121276 121277 121278 121279 121280 122846 122847 122848 122849 122850 122851 122852 122853 122854 122855 122856 
           DUNCAN    102625 102626 102627 102628 102629 102630 102631 102632 102633 102634 102635 102636 108386 108387 108388 108389 108390 108391 108392 108393 108394 108395 108396 
           DUNDEE    102652 102653 102654 102655 102656 102657 102658 102659 102660 102661 102662 102663 
           DUNEDIN   102668 102669 102670 102671 102672 102673 102674 102675 102676 102677 102678 102679 114156 114157 114158 114159 114160 114161 114162 114163 114164 114165 
           DURBAN    102685 102686 108428 108429 108430 108431 108432 114177 114178 114179 114180 114181 114182 114183 114184 114185 115850 115851 115852 115853 115854 115855 115856 115857 115858 115859 115860 117417 117419 117420 117421 117422 117423 117424 117425 117426 117427 
           EAGLE     102699 102700 102701 102702 102703 102704 102705 102706 102707 102708 102709 102710 108433 108434 108435 108436 108437 108438 108439 108440 108441 108442 108443 108444 114186 114187 114188 114189 114190 114191 114192 114193 114194 114195 114196 
           EGRET     102775 102776 108476 108477 108478 108479 108480 108481 108482 108483 108484 108485 108486 108487 
           EMERALD   102806 102807 102808 102809 102810 102811 102812 102813 102814 102815 102816 102817 114218 114219 114220 114221 114222 114223 114224 114225 114226 114227 114228 117441 117442 117443 117444 117445 117446 117447 117448 119328 119329 119330 119331 119332 119333 119334 119335 119336 119337 119338 119339 
           EMPEROR   117449 121296 121297 121298 121299 121300 121301 121302 121303 121304 121305 121306 121307 
           EMPRESS   119372 119373 119374 119375 121327 121328 121329 121330 121331 121332 121333 121334 121335 121336 121338 
           ENDEAVOUR 102878 102879 102880 102881 102882 102883 102884 102885 102886 102887 102888 102889 108522 108523 108524 108525 108526 108527 108528 108529 108530 
           ENGADINE  115880 115881 115882 115883 115884 117451 117452 117453 117454 117455 117456 117457 117458 117459 117460 117461 117462 119376 119377 119378 119379 119380 119381 119382 119383 119384 119385 119386 119387 121339 
           ENTERPRIS 102902 102903 102904 102905 102906 102907 102908 102909 102910 102911 114229 114230 114231 114232 114233 114234 114235 114236 114237 114238 114239 114240 115885 115886 115887 115888 115889 115890 115891 115892 115893 115894 115895 121340 121341 121342 121343 121344 121345 121346 121347 122867 122868 122869 122870 
           EURYALUS  121354 121355 121356 121357 121358 121359 121360 121361 121362 121363 121364 121365 122871 122872 122873 122874 122875 122876 122877 122878 122879 122880 122881 122882 123845 123846 123847 123848 123849 123850 123851 123852 123853 123854 123855 123856 
           EXETER    103020 103021 103022 103023 103024 103025 103026 103027 103028 103029 103030 103031 103278 108571 108572 108573 108574 108575 108576 108577 108578 108579 108580 108581 108582 114251 114252 114253 114254 114255 114256 114257 114258 114259 114260 
           EXPRESS   103068 103069 103070 103071 103072 103073 103074 103075 103076 103077 103078 103079 
           FALMOUTH  103116 103117 103118 103119 103120 103121 103122 103123 103124 103125 103126 103127 108620 108621 108622 108623 108624 108625 108626 108627 108628 108629 108630 108631 108632 
           FENCER    117499 117500 117501 117502 117503 117504 117505 117506 117507 117508 119419 119420 119421 119422 119423 119424 119425 119426 119427 119428 119429 119430 121366 121367 121368 121369 121370 121371 121372 121373 121374 121375 121376 121377 122883 122884 122885 122886 122887 122888 122889 122890 122891 122892 122893 
           FLEETWOOD 103269 103270 103271 103272 103273 103274 103275 103276 103277 103278 103279 103280 108696 108697 108698 108699 108700 108701 108702 108703 108704 108705 108706 108707 
           FOLKESTON 103311 103312 103313 103314 103315 103316 103317 103318 103319 103320 103321 103322 108708 108709 108710 108711 108712 108713 108714 
           FORMIDABL 114264 114265 114266 114267 114268 114269 114270 114271 114272 114273 114274 114275 115923 115924 115925 115926 115927 115928 115929 115930 115931 115932 115933 115934 121378 121379 121380 121381 121382 121383 121384 121385 121386 121387 121388 121389 122894 122895 122896 122897 122898 122899 122900 122901 122902 122903 122904 122905 123857 123858 123859 123860 123861 123862 123863 123864 123865 123866 123867 123868 
           FOWEY     103407 103408 103409 103410 103411 103412 103413 103414 103415 103416 103417 103418 108760 108761 108762 108763 108764 108765 108766 108767 108768 108769 108770 
           FROBISHER 115947 115948 115949 115950 115951 115952 115953 115954 115955 115956 115957 117537 117538 117539 117540 117541 117542 117543 117544 117545 117546 117547 117548 119459 119460 119461 119462 119463 119464 119465 119466 119467 
           FURIOUS   115958 115959 115960 115961 115962 115963 115964 115965 115966 115967 115968 115969 117549 117550 117551 117552 117553 117554 117555 117556 117557 117558 117559 117560 119468 119469 119470 119474 119476 119477 119623 
           GAMBIA    115971 115972 115973 115974 115975 115976 115977 115978 115979 115980 115981 117561 117562 117563 117564 117565 117566 117567 117568 117569 119478 119479 119480 119481 119482 119483 119484 119485 121407 122918 122920 122921 122922 122923 122924 122925 122926 122927 122928 123882 123883 123884 123885 123886 123887 123888 123889 123890 123891 123892 123893 
           GLASGOW   103644 103645 103646 103647 103648 103649 103650 103651 103652 103653 103654 103655 114309 114310 114311 114312 114313 114314 114315 114316 114317 114318 114319 114320 115982 115983 115984 115985 115986 115988 115989 115990 115991 115992 117545 117571 117572 117573 117574 117575 117576 117577 117578 117579 117580 117581 117582 121420 121421 121422 121423 121424 121425 121426 121427 121428 121429 121430 121431 122929 122930 122931 122932 122933 122934 122935 122936 122937 122938 122939 122940 123894 123895 123896 123897 123898 123899 123900 123901 123902 
           GLORY     121454 121455 121456 121457 121458 121459 121460 121461 121462 121463 121464 122951 122952 122953 122954 122955 122956 122957 122958 122959 122960 122961 122962 123903 123904 123905 123906 123907 123908 123909 123910 123911 123912 123913 123914 
           GLOUCESTE 108928 108929 108930 108931 108932 108933 108934 108935 108936 108937 108938 108939 
           GRAMPUS    15063  15064  15065  15066  15067  15068  15069  15070  15071  15072  15073  15074 
           GRIMSBY   103897 103898 103899 103900 103901 103902 103903 103904 103905 103906 103907 103908 109026 109027 109028 109029 109030 109031 109032 
           HARROW    109079 109080 109081 109082 
           HAVOCK    104056 104057 104058 104059 104060 104061 104062 104063 109103 109104 109105 109106 109107 109108 109109 109110 109111 109112 109113 109114 
           HAWKINS   104074 104075 104076 104077 104078 104079 109115 114368 114369 114370 114371 114372 114373 114374 114375 114376 114377 114378 116036 116037 116038 116039 116040 116041 116042 116043 116044 116045 116046 117617 117618 117619 117620 117621 117622 117623 117624 117625 117626 117627 117628 119537 119538 119539 119540 119541 119542 119543 119544 119545 119546 119547 
           HECTOR    109141 114391 114392 114393 114394 114395 114396 114397 114398 114399 114400 114401 114402 116053 116054 116055 116056 
           HERALD    104120 104121 104122 104123 104124 104125 104126 104127 104128 104129 104130 104131 109145 109146 109147 109148 109149 109150 
           HERMES    109162 109163 109164 109165 109166 109167 109168 109169 109170 109171 109172 114403 114404 114405 114406 114407 114408 114409 114410 114411 114412 114413 116057 116058 
           HOBART    114432 114433 
           HOTSPUR   104254 104255 104256 104257 104258 104259 104260 104261 104262 104263 104264 104265 109212 109213 109214 109215 109216 109217 109218 
           HOWE      117629 117630 117631 117632 117633 117634 117635 117636 117637 117638 117639 117640 119551 119552 119553 119554 119555 119556 119557 119558 119559 119560 119561 119562 121500 121501 121502 121503 121504 121505 121506 121507 121508 121509 121510 121511 122989 122990 122991 122992 122993 122994 122995 122996 122997 122998 122999 123925 123926 123927 123928 123929 123930 123931 123932 123933 123934 123935 123936 
           HUNTER    104272 104273 104274 109219 109220 109221 109222 109223 109224 109225 109226 109227 109228 109229 117641 117642 117643 117644 117645 117646 117647 117648 117649 117650 117651 119563 119564 119565 119566 119567 119568 119569 119570 119571 119572 119573 119574 121512 121513 121514 121515 121516 121517 121518 121519 121520 
           HUNTLEY   109230 109231 109232 109233 
           HYPERION  104314 104315 104316 104317 104318 104319 104320 104321 104322 104323 104324 104325 109239 109240 109241 109242 109243 109244 109245 
           ILLUSTRIO 114438 114439 114440 114441 114442 114443 114444 114445 114446 114447 114448 114449 117652 117653 117654 117655 117656 117657 117658 117659 117660 117661 117662 117663 119575 119576 119577 119578 119579 119580 119581 119582 119583 119584 119585 119586 121521 121522 121523 121524 121525 121526 121527 121528 121529 121530 121531 121532 
           IMPLACABL 121533 121534 121535 121536 121537 121539 121540 121541 121542 121543 121544 121588 123012 123013 123014 123015 123016 123017 123018 123019 123020 123021 123022 123023 123949 123950 123951 123952 123953 123954 123955 123956 123957 123958 123959 123960 
           INDEFATIG 119596 119597 119598 119599 119600 119601 119602 119603 119604 119605 119606 119607 121545 121546 121547 121548 121549 121550 121551 121552 121553 121554 121555 121556 123024 123025 123026 123027 123028 123029 123030 123031 123032 123033 123034 123035 123971 123972 123973 123974 123975 123976 123977 123978 123979 123980 123981 123982 
           INDOMITAB 114451 114452 114453 114454 116005 116048 116075 116076 116077 116079 116080 116081 116082 116083 116084 116085 117665 117666 117667 117668 117669 117670 117671 117672 117673 119608 119609 119610 119611 119612 119613 119614 119615 119616 119617 121557 121558 121559 121560 121561 121562 121563 121564 121565 121566 121567 121568 
           JAMAICA   117648 117674 117675 117676 117677 117678 117679 117680 117681 117682 117683 117684 117685 119618 119619 119620 119621 119622 119623 119624 119625 119626 119627 119628 119629 121569 121570 121571 121572 121573 121574 121575 121576 121577 121578 121579 121580 123048 123049 123050 123051 123052 123053 123054 123055 123056 123057 123058 123059 123996 124006 
           KANIMBLA  109421 109422 114469 114470 114471 114472 114473 114474 114475 114476 
           KENT      104566 104567 104568 104569 104570 104571 104572 109451 109452 109453 109454 109455 109456 109457 109458 109459 109460 109461 109462 114477 114478 114479 114480 114481 114482 114483 114484 114485 114486 114487 116107 116108 116109 116110 116111 116112 116113 116114 116115 116116 116117 116118 117689 117690 117691 117692 117693 117694 117695 117696 117697 117698 117699 117700 119630 119631 119632 119633 119634 119635 119636 119637 119638 119639 119640 119641 
           KENYA     114488 114489 114490 114491 114492 114493 114494 114495 114496 114497 114498 117701 117702 117703 117704 117705 117706 117707 117708 117709 117710 117711 117712 119642 119643 119644 119645 119646 119647 119648 119649 119650 119651 119652 119653 121582 121583 121584 121585 121586 121587 
           KHEDIVE   117725 119654 119655 119656 119657 119658 119659 119660 119661 119662 119663 121588 121589 121590 121591 121592 121593 121594 121595 121596 121597 121598 121609 
           KING_GEOR 114500 114501 114502 114503 114504 114505 114506 114507 114508 114509 114510 114511 116131 116132 116133 116134 116135 116136 116137 116138 116139 116140 116141 116142 119664 119665 119666 119667 119668 119669 119670 119671 119672 119673 119674 119675 121599 121600 121601 121602 121603 121604 121605 121606 121607 121608 121610 123067 123068 123069 123070 123071 123072 123073 123074 123075 123076 123077 
           KING_GRUF 114512 114513 114514 114515 114516 114517 
           L23        16797  16798 
           L26        16799  16800  16801  16802  16803  16804 
           L27        16805  16806  16807  16808  16809  16810  16811  16812  16813 
           LACONIA   114518 114519 114520 114521 114522 114523 114524 114525 114526 
           LEITH     104671 104672 104673 104674 104675 104676 104677 104678 104679 104680 104681 104682 109535 109536 109537 109538 109539 109540 109541 109542 109543 109544 109545 109546 109547 
           LIVERPOOL 104695 104696 109574 109575 109576 109577 109578 109579 109580 109581 109582 109583 109584 109585 114540 114541 114542 114543 114544 114545 114546 114547 114548 114549 114550 114551 116157 116158 116159 116160 116161 116162 116163 116164 116165 116166 
           LONDON    114552 114553 114554 114555 114556 114557 114558 114559 114560 114561 114562 116167 116168 116169 116170 116171 116172 116173 116174 116175 116176 116177 116178 117834 117835 117836 117837 117838 117839 117840 117841 117842 117843 117844 117845 119798 119799 119800 119801 119802 119803 119804 119805 119806 119807 119808 119809 121692 121693 121694 121695 121696 121697 121698 121699 121700 121701 121702 121703 123121 123122 123123 123124 123125 123126 123127 123128 124065 124066 124067 124068 124069 124070 124071 124072 124073 124074 
           LONDONDER 104733 104734 104735 104736 104737 104738 104739 104740 104741 104742 104743 104744 109588 109589 109590 109591 109592 109593 109594 109595 109596 109597 109598 109599 
           LOTHIAN   121704 121705 121706 121707 123129 123130 
           LOWESTOFT 104757 104758 104759 104760 104761 104762 104763 104764 104765 104766 104767 104768 109604 109605 109606 109607 109608 109609 109610 109611 109612 109613 109614 109615 
           LUCIA     104781 104782 104783 104784 104785 104786 104787 104788 104789 104790 104791 104792 109616 109617 109618 109619 109620 109621 109622 109623 109624 109625 109626 109627 114563 114564 114565 114566 114567 114568 114569 114570 114571 114572 114573 114574 116179 116180 116181 116182 116183 116184 116185 116186 116187 116188 116189 117846 117847 117848 117849 117850 117851 117852 117853 117854 117855 117856 117857 119816 119817 119818 119819 119820 119821 119822 119823 119824 119825 119826 119827 121708 121709 121710 121711 121712 121713 121714 121715 121716 121717 121718 121719 
           MALAYA    114598 114599 114600 114601 114602 114603 114604 114605 114606 114607 114608 114609 116211 116212 116213 116214 116215 116216 116217 116218 116219 116220 116221 116222 117846 117848 117876 117877 117878 117879 117880 117881 117882 117883 117884 117885 117886 117887 119840 119841 119842 119843 119844 119845 119846 119847 119848 119849 119850 119851 121732 121733 121734 121735 
           MALOJA    114610 114611 114612 114613 114614 114615 114616 114617 114618 114619 
           MANCHESTE 104881 104882 104883 104884 104885 109692 109693 109694 109695 109696 109697 109698 109699 109700 109701 109702 109703 114620 114621 114622 114623 114624 114625 114626 114627 116223 116224 116225 116226 116227 121736 121737 121738 121739 121740 
           MAURITIUS 114637 114638 114639 114640 114641 114642 114643 114644 114645 114646 116235 116236 116237 116238 116239 116240 116241 116242 116243 116244 116245 117894 117895 117896 117897 117898 117899 117900 117901 117902 117903 117904 117905 
           MEDWAY    104933 104934 104935 104936 104937 104938 104939 104940 104941 104942 104943 104944 109752 109753 109754 109755 109756 109757 109758 109759 109760 109761 109762 109763 114647 114648 114649 114650 114651 114652 114653 114654 114655 
           MILFORD   103021 104968 104969 104970 104971 104972 104973 104974 104975 104976 104977 104978 104979 109766 109767 109768 109769 109770 109771 109772 109773 109774 109775 109776 109777 109778 114669 
           MONTCLARE 114658 114659 114660 114661 114662 114663 114664 114665 114666 114667 114668 119870 119871 119872 119873 121748 121749 121750 121751 121752 121753 121754 121755 121756 121757 121758 121759 
           MOOLTAN   109794 109795 
           MORETON_B 109799 109800 109801 114672 114673 
           NABOB     120103 120104 120105 120106 120107 120108 120109 120110 120111 
           NAIRANA   118246 118247 
           NELSON    105061 105062 105063 105064 105065 105066 105067 105068 105069 105070 105071 105072 114758 114759 114760 114761 114762 114763 114764 114765 114766 114767 114768 114769 116346 116347 116348 116349 116350 116351 116352 116353 116354 116355 116356 116357 121881 121882 121883 121884 121885 121886 121887 121888 121889 121890 121891 121892 
           NEPTUNE   105085 105086 105087 105088 105089 105090 105091 105092 105093 105094 105095 105096 109901 109902 109903 109904 109905 109906 109907 109908 109909 109910 109911 109912 114770 114771 114772 114773 114774 114775 114776 114777 114778 114779 114780 
           NEWCASTLE 105107 105108 105109 105110 105111 105112 105113 105114 105115 105116 105117 105118 114781 114782 114783 114784 114785 114786 114787 114788 114789 114790 114791 114792 116358 116359 116360 116361 116362 118260 118261 118262 118264 118265 118266 118267 118268 118269 118270 118271 120136 120137 120138 120139 120140 120141 120142 120143 120144 120145 120146 120147 121893 121894 121895 121896 121897 121898 121899 121900 121901 121902 121903 121904 123200 123201 123202 123203 123204 123205 123206 123207 123208 123209 123210 123211 124173 124174 124175 124176 124177 124178 124179 124180 124181 124182 124183 
           NEWFOUNDL 120148 120149 120150 120151 120152 120153 120154 120155 120156 120157 120158 120159 121905 121906 121907 121908 121909 121910 121911 121912 121913 121914 121915 121916 123212 123213 123214 123215 123216 123217 123218 123219 123220 123221 123222 123223 124184 124185 124186 124187 124188 124189 124190 124191 124192 124193 124194 124195 
           NIGERIA   116363 116364 116365 116366 116367 116368 116369 116370 116371 116372 116373 116374 118283 118284 118285 118286 118287 118288 118289 118290 118291 118292 118293 118294 120160 120161 120162 120163 120164 120165 120166 120167 120168 120169 120170 120171 121917 121918 121919 121920 121921 121922 121923 121924 121925 123224 123225 123226 123227 123228 123229 123230 123231 123232 123233 123234 123235 124196 124197 124198 124199 124200 124201 124202 124203 
           NORFOLK   105158 105159 105160 105161 105162 105163 105164 105165 105166 105167 105168 105169 114806 114807 114808 114809 114810 114811 114812 114813 114814 114815 114816 114817 116381 116382 116383 116384 116385 116386 116387 116388 116389 116390 116391 116392 118296 118297 118298 118299 118300 118301 118302 118303 118304 118305 118306 118307 120172 120173 120174 120175 120176 120177 120178 120179 120180 120181 120182 120183 121928 121929 121930 121931 121932 121933 121934 121935 121936 121937 121938 121939 123241 123242 123243 123244 123245 123246 123247 123248 123249 123250 123251 123252 124208 124209 124210 124211 124212 124213 124214 124215 124216 124217 124218 124219 124220 
           OCEAN     121940 121941 121942 121943 121944 121945 
           ODIN       15238  15239  15240  15241  15242  15243  15244  15245  15246  15247  15248  15249 
           OLYMPUS    15250  15251  15252  15253  15254  15255  15256  15257  15258  15259  15260  15261 
           ORION     105183 105184 105185 105186 105187 105188 105189 105190 105191 105192 105193 105194 114819 114820 114821 114822 114823 114824 114825 114826 114827 114828 114829 114830 116394 116395 116396 116398 116399 116400 118308 118309 118310 118311 118312 118313 118314 118315 118316 118317 118318 118319 
           OSIRIS     15278  15279  15280  15281  15282  15283  15284  16833  16834  16835  16836  16837  16838  16839  16840  16841  16842  17324  17325  17326  17876  17877  17878  17879  17880  17881  17882  17883 
           OTUS       15299  15300  15301  15302  15303  15304  15305  15306  15307  15308  15309  15310  16843  16844  16845  16846  16847  16848  16849  16850  16851  16852  16853  17327  17328  17329  17330  17331  17884  17885  17886  17887 
           P555       17935  17936  17937  17938  17939  17940  17941  17942  17943  17944  17945  17946  18569  18570  18571  18572  18573  18574  18575  18576  18577 
           P556       17947  17948  17949  17950  17951  17952  17953  17954  17955  17956 
           P614       17957  17958  17959  17960  17961  17962  17963  17964  17965  17966  18578  18579  18580  18581  18582  18583  19514  19515  19516 195166 
           P615       17967 
           PANDORA    15319  15320  15321  15322  15323  15324  15325  15326  15327  15328  15329  15330 
           PARTHIAN   15331  15332  15333  15334  15335  15336  15337  15338  15339  15340  15341  15342  16885  16886  16887  16888  16889  16890  16891  16892  16893  16894  16895  16896  17344  17345  17346  17347  17348  17349  17350  17351  17352  17353  17354 
           PATROLLER 118333 118334 120209 120210 120211 120212 120213 120214 120215 120216 120217 120218 120219 120220 121960 121961 121962 121963 121964 121965 121966 121967 121968 121969 121970 121971 123272 123273 123274 123275 123276 123277 123278 123279 123280 123281 123282 123283 
           PENELOPE  105261 105262 105263 105264 105265 105266 105267 105268 105269 105270 105271 105272 
           PENZANCE  105309 105310 105311 105312 105313 105314 105315 105316 105317 105318 105319 105320 105321 
           PERSEUS    15343  15344  15345  15346  15347  15348  15349  15350  15351  15352  15353  15354 
           PERTH     114854 114855 114856 114857 
           PHOEBE    114860 114861 114862 114863 114864 114865 114866 114867 114868 114869 114870 114871 116444 116445 116446 116447 116448 116449 116450 116451 116452 116454 116455 120233 120234 120235 120236 120237 120238 120239 120240 120241 120242 120243 120244 121978 121979 121980 121981 121982 121983 121984 121985 121986 121987 121988 121989 
           PHOENIX    15358  15359  15360  15361  15362  15363  15364  15365  15366 
           PORPOISE   15367  15368  15369  15370  15371  15372  15373  15374  15375  15376  15377  15378  16901  16902  16903  16904  16905  16906  16908  16909  16910  16911  16912  16913  17355  17356  17357  17358  18584  18585  18586  18587  18588  18589  18590  18591  18592  18593  18594  18595 
           PREMIER   120248 120249 120250 120251 120252 120253 120254 120255 120256 
           PRETORIA_ 110095 114872 114873 114874 114875 114876 114877 114878 114879 114880 114881 114882 114883 116456 116457 116458 116459 116460 116461 116462 
           PROTEUS    15379  15380  15381  15382  15383  15384  15385  15386  15387  15388  15389  15390  16914  16915  16916  16917  16918  16919  16920  16921  16922  16923  16924  17359  17360  17361  17362  17363  17890  17891  17892  17893  17894  17895  18596  18597  18598  18599  18600 
           PUNCHER   120269 120270 120271 120272 120273 120274 120275 120276 120277 120278 120279 122035 122036 122037 122038 122039 122040 122041 122042 122043 122044 122045 
           PUSUER    118377 118378 120280 120281 120282 120283 120284 120285 120286 120287 120288 120289 120290 120291 122046 122047 122048 122049 122050 122051 122052 122053 122054 122055 
           QUEEN     120292 120293 120294 120295 120296 120297 120298 120299 120300 120301 120302 122056 122057 122058 122059 122060 122061 122062 122063 122064 122065 122066 122067 123339 123340 123341 123342 123343 123344 123345 123346 123347 123348 
           QUEEN_ELI 116463 116464 116465 116466 116467 116468 116469 116470 116471 116472 116473 116474 118379 118380 118381 118382 118383 118384 118385 118386 118387 118388 118389 118390 120303 120304 120305 120306 120307 120308 120309 120310 120311 120312 120313 120314 122068 122069 122070 122071 122072 122073 122074 122075 122076 122077 
           QUEEN_OF_ 110135 110136 114914 114915 114916 114917 114918 114919 114920 114921 114922 114923 114924 114925 116475 116476 116477 116478 116479 116480 116481 116482 116483 116484 116485 116486 118391 118392 118393 118394 118395 
           RAINBOW    15391  15392  15393  15394  15395  15396  15397  15398  15399  15400  15401  15402 
           RAJAH     120315 120316 120317 120318 120319 120321 120322 120323 120324 120330 122079 122080 122081 122082 122083 122084 122085 122086 122087 122088 122089 123359 123360 123361 123362 123363 123364 123365 123366 123367 123368 
           RAJPUTANA 110139 110140 114926 114927 
           RAMILLES  105406 105407 105408 105409 105410 105411 105412 105413 105414 105415 105416 105417 110141 110142 110143 110144 110145 110146 110147 110148 110149 110150 110151 110152 114928 114929 114930 114931 114932 114933 114934 114935 114936 114937 114938 114939 116488 116489 116490 116491 116492 116493 116494 116495 118396 118397 118398 118399 118400 118401 118402 118403 118404 118405 118406 118407 120325 120326 120327 120328 120329 120330 120331 120332 120333 120334 120335 120336 
           RANCHI    110153 114940 114941 114942 114943 114944 114945 114946 114947 114948 114949 114950 116496 116497 116498 116499 116500 116501 116502 116503 116504 116505 116506 118408 118409 118410 
           RANEE     120337 120338 120339 120340 120341 120342 120343 120344 122094 122095 122096 122097 123369 123370 123371 123372 123373 123374 
           RANPURA   114951 114952 114953 114954 114955 114956 114957 114958 114959 114960 114961 114962 116507 116508 116509 116510 116511 116512 116513 116514 116515 116516 116517 116518 118411 118412 118413 118414 118415 118416 118417 118418 118419 118420 118421 118422 120345 120346 120347 120348 120349 120350 123375 123376 123377 123378 123379 123380 123381 123382 123383 
           RAVAGER   118423 118424 118425 120351 120352 120353 120354 120355 120356 120357 120358 120359 120360 120361 120362 122099 122100 122101 122102 122103 122104 122105 122106 122107 122108 122109 122110 
           REAPER    120363 120364 120365 120366 120367 120368 120369 120370 120371 120372 120373 122111 122112 122113 122114 122115 122116 122117 122118 122119 122120 122121 122122 123386 123387 123388 123389 123390 
           REDSTART  105418 105419 110155 110156 110157 110158 110159 110160 110161 110162 110163 110164 110165 110166 
           REGENT     15403  15404  15405  15406  15408  15409  15410  15411  15412  15413  15414  16925  16926  16927  16928  16929  16930  16931  16932  16933  17539  17540  17541  17542  17543  17544 
           REGULUS    15415  15416  15417  15418  15419  15420  15421  15422  15423  15424  15425  15426 
           RENOWN    110178 110179 110180 110181 110182 116519 116520 116521 116522 116523 116524 116525 116526 116527 116528 116529 116530 118424 118426 118427 118428 118429 118430 118431 118432 118433 118434 118435 118436 118437 120374 120375 120376 120377 120378 120379 120380 120381 120382 120383 120384 120385 122123 122124 122125 122126 122127 122128 122129 122130 122131 122132 122133 122723 
           RESOLUTIO 105456 105457 105458 105459 105460 105461 105462 105463 105464 105465 105466 105467 105468 116531 116532 116533 116534 116535 116536 116537 116538 116539 116540 116541 116542 118438 118439 118440 118441 118442 118443 118444 118445 118446 118447 
           REVENGE   105493 105494 105495 105496 105497 105498 105499 105500 105501 105502 105503 105504 115008 115009 115010 115011 115012 115013 115014 115015 115016 115017 115018 115019 115044 116553 116554 116555 116556 116557 116558 116559 116560 116561 116562 116563 116564 118460 118461 118462 118463 118464 118465 118466 118467 118468 118469 
           ROCHESTER        105542 105543 105544 105545 105546 105547 105548 105549 105550 105551 105552 105553 110245 110246 110247 110248 110249 110250 110251 110252 110253 110254 110255 110256 110257 116582 116583 116584 116585 116586 116587 118474 120398 120399 120400 120401 120402 120403 120404 120405 
           RODNEY    105566 105567 105568 105569 105570 105571 105572 105573 105574 105575 105576 105577 115025 115026 115027 115028 115029 115030 115031 115032 115033 116588 116589 116590 116591 116592 116593 116594 116595 116596 116597 116598 116599 118475 
           RORQUAL    15427  15428  15429  15430  15431  15432  15433  15434  15435  15436  15437  15438  16934  16935  16936  16937  16938  16939  16940  16941  16942  16943  17545  17546  17547  17548  17549  17550  17551  17968  17969  17970  17971  17972  17973  17974  17975  17976  17977  17978  18602  18603  18604  18605  19517  19518  19519  19520  19521  19522  19523 
           ROVER      15439  15440  15441  15443  15444  15445  15446  15447  15448  15449  15450  16944  16945  16946  16947  16948  16949  16950  16951  16952  16953  17552  17553  17554  17555  17556  17557  17979  17980  17981  17982  17983  17984  17985  17986  18606  18607  18608  18609  18610  18611  18612  18613  18614  18615  18616  18617  19524  19525  19526  19527 
           ROYALIST  118487 118488 118489 118490 118491 120418 120419 120420 120421 120422 120423 120424 120425 120426 120427 120428 120429 123415 123416 123417 123418 123419 123420 
           ROYAL_SOV 105618 105619 105620 105621 105622 105623 105624 105625 105626 105627 105628 115034 115035 115036 115037 115038 115039 115040 115041 115042 115043 115044 115045 116602 116603 116604 116605 116606 116607 116608 116609 116610 116611 116612 
           RULER     120434 120435 120436 120437 120438 120439 120440 120441 120442 120443 
           SANDWICH   18601 105838 105839 105840 105841 105842 105843 105844 105845 105846 105847 105848 105849 110399 110400 110401 110402 110403 110404 110405 110406 110407 110408 110409 110410 
           SCARBOROU 105933 105934 105935 105936 105937 105938 105939 105940 
           SCOTSMAN   18647  18648  19578  19579  19580  19581  19582  19583  19584  19585  19586  19587  20499  20500  20501  20502  20503  20504 
           SCOUT     105956 105957 105958 105959 105960 110496 110497 110498 110499 110500 110501 110502 110503 110504 110505 110506 110507 116614 
           SEARCHER  118514 118515 118516 118517 118518 118519 118520 118521 118522 120458 120459 120460 120461 120462 120463 120464 120465 120466 120467 120468 120469 122201 122202 122203 122204 122205 122206 122207 122208 122209 122210 122211 
           SEA_ROVER  18034  18035  18648  18669  18670  18671  18672  18673  18674  18675  18676  18677  18678  18679  18680  19607  19608  19609 
           SEVERN     15499  15500  15501  15502  15503  15504  15505  15506  15507  15508  15509  15510  16978  16979  16980  16981  16982  16983  16984  16985  16986  16987  16988  16989  17567  17568  17569  17570  18046  18047  18048  18049  18050  18051  18052  18053  18705  18706  18707  18708  18709  18710  18711  18712  18713  18714  18715  18716 
           SHAH      118523 120470 120471 120472 120473 120474 120475 120476 120477 120478 120479 120480 120481 
           SHAKEPREA  18054  18055  18056  18057  18058  18059  18717  18718  18719  18720  18721  18722  18723  18724  19637  19638  19639  19640  19641  19642 
           SHEFFIELD 106008 106009 106010 106011 106012 106013 106014 106015 106016 106017 106018 106019 115050 115051 115052 115053 115054 115055 115056 115057 115058 115059 115060 115061 116622 116623 116624 116625 116626 116627 116628 116629 116630 116631 116632 116633 118524 118525 118526 118527 118528 118529 118530 118531 118532 120482 120483 120484 120485 120486 120487 120488 120489 120490 120491 120492 120493 123442 123443 123444 123445 123446 123447 123448 123449 123450 123451 123452 123453 124298 124299 124300 124301 124302 124303 124304 124305 124306 124307 124308 124309 
           SHOREHAM  106068 106069 106070 106071 106072 106073 106074 106075 106076 106077 106078 110586 110587 110588 110589 110590 110591 110592 110593 110594 110595 110596 110597 115066 115067 115068 115069 116634 116635 116636 116637 116638 116639 116640 116641 116642 116643 116644 118533 118534 118535 118536 118537 118538 118539 118540 118541 118542 118543 118544 120494 120495 120496 120497 120498 120499 120500 120501 120502 120503 120504 120505 
           SHROPSHIR 106091 106092 106093 106094 106095 106096 106097 106098 106099 106100 106101 106102 110598 110599 110600 110601 110602 110603 110604 110605 110606 110607 110608 110609 115070 115071 115072 115073 115074 115075 115076 115077 115078 115079 115080 116645 116646 116647 116648 116649 116650 116651 116652 116653 116654 116655 116656 118545 118546 118547 118548 118549 118550 
           SIDON      18750  18751  19655  19656 
           SMITER    120520 120521 120522 120523 120524 120525 120526 120527 120528 122261 122262 122263 122264 122265 122266 122267 122268 122269 122270 122271 122272 123464 123465 123466 
           SPEAKER   120533 120534 120535 120536 120537 120538 120539 120540 120541 120542 120543 123467 123468 123469 123470 123471 123472 123473 
           SPEARHEAD  19688  19689  19690  19691  19692  19693  19694  19695  19696 
           SPUR       19723  19724  19725  19726  20583  20584  20585  20586  20587  20588  20589  20590  20591 
           STALKER   118571 118572 118573 118574 118575 118576 118577 120544 120545 120546 120547 120548 120549 120550 120551 120552 120553 120554 120555 
           STOIC_(P2  18111  18112  18113  19736  19737  20604  20605  20606 
           STONEHENG  18114  18115  18116  18117  18118  18119  18120  18828 
           STORK     106209 106210 106211 106212 106213 106214 106215 106216 106217 106218 106219 106220 110690 110691 110692 110693 110694 110695 110696 110697 
           STRATAGEM  18126  18127  18128  18129  18840  18841  18842  18843  18844  18845  18846  18847  18848  18849 
           STRIKER   120556 120557 120558 120559 120560 120561 120562 120563 120564 120565 120566 120567 
           STRONGHOL 106234 106235 106236 106237 106238 106239 106240 106241 106242 
           SUFFOLK   106257 106258 106259 106260 106261 106262 106263 106264 106265 106266 106267 106268 109536 110709 110710 110711 110712 110713 110714 110715 110716 110717 110718 110719 110720 115095 115096 115097 115098 115099 115100 115101 115102 115103 115104 115105 115106 116669 116670 116671 116672 116673 116674 116675 116676 116677 116678 116679 116680 118578 118579 118580 118581 118582 118583 118584 118585 118586 118587 118588 118589 120568 120569 120570 120571 120572 120573 120574 120575 120576 120577 120578 120579 
           SUSSEX           116681 116682 116683 116684 116685 118599 118600 118601 118602 118603 118604 118605 118606 118607 118608 118609 118610 120587 120588 120589 120590 120591 120592 120593 120594 120595 120596 120597 120598 122331 122332 122333 122334 122335 122336 122337 122338 122339 122340 122341 122342 123499 123500 123501 123502 123503 123504 123505 123506 123507 123508 123509 123510 
           SWIFTSURE 120599 120600 120601 120602 120603 120604 120605 123511 123512 123513 123514 123515 123516 124347 124348 124349 124350 
           TACITURN   19794  19795  19796  19797  19798  19799  19800  19801  19802  19803  19804  19805  20627  20628  20629  20630  20631  20632  20633  20634  20635  20636  20637  20638  21152  21153  21154  21155  21156  21157  21158  21159  21160  21161  21162  21163 
           TALENT     19823  19824  19825  19826  19827  20651  20652  20653  20654  20655  20656  20657  20658  20659  20660  20661  20662  21176  21177  21178  21179 
           TALLY_HO_  18929  18930  18931  18932  18933  18934  18935  18936  18937  18938  18939  18940  19828  19829  19830  19831  19832  19833 
           TAPIR      20695  20696  20697  20698  20699  20700  20701  20702  20703  21203  21204  21205  24041 
           TEMPLAR_(  18215  18216  18217  18218  18219  18220  18221  18222  18223  18224  18982  18983  18984  18985  18986  18987  18988  18989  18990  18991  18992  18993  19880  19881  19882  19883  19884  19885  19886  19887  19888  19889  19890  19891  20418  20713  20714  20715  20716  20717  20718  20719  20720  20721  20722  21212  21213  21214  21215  21216  21217  21218  21219  21220  21221  21222  21223 
           TENEDOS   106394 106395 106396 106397 106398 
           TERRAPIN   18994  18995  18996  18997  18998  18999  19000  19001  19002  19003  19004  19005  19892  19893  19894  19895  19896  19897  19898  19899 
           TERROR    106435 106436 106437 106438 106439 106440 106441 106442 106443 106444 106445 106446 
           THANE     120606 120607 120608 120609 120610 120611 120612 122357 122358 122359 122360 122361 122362 122363 
           THANET    106447 106448 106449 106450 106451 106452 106453 106454 106455 106456 106457 
           THUNDERBO  17034  17035  17036  17037  17038  17039  17040  17041  17042  17043  17044  17045  17609  17610  17611  17612  17613  17614  17615  17616  17617  17618  17619 
           TIRELESS   19928  19929  19930  19931  19932  19933  19934  19935  19936  20499  20757  20758  20759  20760  20761  20762  20763  20764  20765  20766  20767 
           TOTEM      19043  19948  19949  19950  19951  19952  19953  19954  19955  19956  19957  19958  19959  20780  20781  20782  20783  20784  20785  20786  20787  20788  20789  21258  21259  21260  21261  21262 
           TRENCHANT  19056  19057  19058  19059  19060  19061  19062  19063  19064  19065  19066  19969  19971  19972 
           TRESPASSE  18252  18253  18254  18255  18256  18257  18258  18259  18260  18261  18262  19067  19068  19069  19070  19071  19973  19974  19975  19976  19977  19978  19979  19980  19981  19982  20797  20798  20799  20800  21273  21274  21275  21276  21277  21278  21279  21280  21281  21282  21283  21284 
           TROUNCER  120631 120632 120633 120634 120635 120636 120637 120638 122382 122383 122384 122385 122386 122387 122388 122389 122390 122391 122392 122393 
           TRUANT     17089  17090  17091  17092  17093  17094  17095  17096  17097  17098  17099  17100  17101  17658  17659  17660  17661  17662  17663  17664  17665  17666  17667  17668  17669  18282  18283  18284  18285  18286  18287  19093  19094  19095  19096  19097  19098  19099  19100  19101  19102  19994  19995  19996  19997  19998  19999  20000  20001  20002  20003  20004  20015  20801  20802  20803  20804 
           TRUCULENT  18288  18289  18290  18291  18292  18293  18294  18295  18296  18297  18298  19103  19104  19105  19106  19107  19108  19109  19110  19111  19112  19113  19114  20005  20006  20007  20008  20009  20010  20011  20012  20013  20014  20016  20763  20805  20806  20807  20808  20809  20810 
           TRUMP      19115  19116  19117  19118  19119  19120  20017  20018  20019  20020  20021  20022  20023  20024  20025  20026  20027  20028  20811  20812  20813  20814  20815  20816  20817  20818  20819  20820  20821  20822  21288  21289  21290  21291  21292  21293  21294  21295  21296  21297  21298  21299 
           TRUMPETER 118623 120639 120640 120641 120642 120643 120644 120645 120646 120647 120648 120649 120650 122394 122395 122396 122397 122398 122399 122400 122401 122402 122403 122404 122405 123540 123541 123542 123543 
           TRUNCHEON  20029  20030  20031  20032  20033  20034  20035  20036  20823  20824  20825  20826  20827  20828  20829  20830  20831  20832  20833  20834  21300  21301  21302  21303 
           TRUSTY     17670  17671  17672  17673  17674  18299  18300  18301  18302  19121  19122  19123  19124  19125  19126  19127  19128  19129  19130  19131  19132  20037  20038  20039  20040  20041 
           TURPIN     19154  19155  19156  20062  20063  20064  20065  20066  20067  20068  20069  20070  20071  20072  20073  20845  20846  20847  20848  20849  20850  20851  20852  21310  21311 
           UGANDA    116712 116721 118636 118637 118638 118639 118640 118641 118642 118643 118644 118645 118646 122418 122419 122420 122421 
           UNICORN   118623 118656 118657 120663 120664 120665 120666 120667 120668 120669 120670 120671 120672 120673 120674 122423 122424 122425 122426 122427 122428 122429 122430 122431 122432 122433 122434 123562 123563 123564 123565 123566 123567 123568 123569 123570 123571 
           UNKNOWN   113110 113111 121337 122422 122701 122702 122703 122704 122705 
           VALIANT   116722 116723 116724 116725 116726 116727 116728 116729 116730 116731 116732 118668 118669 118670 118671 118672 118673 118674 118675 118676 118677 118678 118679 120675 120676 120677 120678 120679 120680 120681 120682 120683 120684 120685 120686 122435 122436 122437 122438 122439 122440 122441 122442 122443 867711 
           VENERABLE 122444 122445 122446 122447 122448 122449 122450 122451 122452 122453 122454 122455 123586 123587 123588 123589 123590 123591 123592 123593 123594 123595 124391 124392 124393 124394 124396 124397 124398 124399 124400 124401 
           VENGEANCE 122456 122457 122458 122459 122460 122461 122462 122463 122464 122465 122466 122467 123596 123597 123598 123599 123600 123601 123602 123603 123604 123605 123606 123607 124395 
           VICTORIOU 115152 115153 115154 115155 115156 115157 115158 115159 115160 116733 116734 116735 116736 116737 116738 116739 116740 116741 116742 116743 116744 118168 118486 118628 118680 118681 118682 118683 118684 118685 118686 118687 118688 118689 118690 118691 120688 120689 120690 120691 120692 120693 120694 120695 120696 120697 120698 120699 122476 122477 122478 122479 122480 122481 122482 122483 122484 122485 122486 122487 123620 123621 123622 123623 123624 123625 123626 123627 123628 123629 123630 123631 124422 124423 124424 124425 124426 124427 124428 124429 124430 124431 124432 124433 
           VIMY      106703 106704 
           VINDEX    122488 122489 122490 122491 122492 122493 122494 123632 123633 123634 123635 123636 123637 123638 123639 123640 123641 123642 123643 
           WARSPITE  115179 115180 115181 115182 115183 115184 115185 115186 115187 115188 115189 115190 116759 116760 116761 116762 116763 116764 116765 116766 116767 116768 116769 118418 118709 118710 118711 118712 118713 118714 118715 118716 118717 118719 709118 
           WELLINGTO 106860 106861 106862 106863 106864 106865 106866 106867 106868 106869 106870 106871 
           WESTON    106904 106905 106906 106907 106908 106909 106910 106911 106912 106913 106914 106915 106916 106917 106918 106919 106920 106921 106922 106923 106924 106925 
           WOLFE     115196 115197 115198 115199 115200 115201 115202 115203 115204 115205 115206 120754 120755 120756 120757 120758 120759 120760 120761 120762 
           WORCESTER 116790 116791 116792 116793 116794 116795 116796 116797 116798 116799 116800 118749 118750 118751 118752 118753 118754 
           YORK      107246 107247 107248 107249 107250 107251 107252 107253 107254 107255 107256 107257 
